12
0.55 1.67622 0.000499564 0.260759
0.65 1.25535 0.000347607 0.195287
0.75 0.967319 0.000270688 0.150479
0.85 0.716948 0.000209721 0.111531
0.95 0.51285 0.000161458 0.0797808
1.05 0.362936 0.000124791 0.0564596
1.15 0.258908 9.75889e-05 0.0329535
1.25 0.185327 7.69468e-05 0.0235882
1.35 0.132751 6.10331e-05 0.0168965
1.45 0.0954431 4.87362e-05 0.0121479
1.55 0.0700967 3.9501e-05 0.00892185
1.65 0.0505698 3.09831e-05 0.00643649

0.55 4.41017 0.00177844 0.686061
0.65 3.33525 0.00124353 0.518843
0.75 2.59821 0.000973661 0.404187
0.85 1.94004 0.000757164 0.3018
0.95 1.39569 0.000584582 0.217118
1.05 0.991481 0.000452686 0.154238
1.15 0.709163 0.000354477 0.0902617
1.25 0.508785 0.000279818 0.0647578
1.35 0.364841 0.000222067 0.0464367
1.45 0.26159 0.000177083 0.033295
1.55 0.190261 0.000142831 0.0242163
1.65 0.13461 0.000110944 0.0171331

0.55 1.98195 0.00109551 0.308319
0.65 1.48626 0.000762773 0.231207
0.75 1.143 0.000593404 0.177809
0.85 0.846347 0.000459531 0.131661
0.95 0.604915 0.000353635 0.0941027
1.05 0.427937 0.000273276 0.0665714
1.15 0.305551 0.000213803 0.0388903
1.25 0.21886 0.000168635 0.0278564
1.35 0.156687 0.000133723 0.019943
1.45 0.112508 0.000106712 0.0143199
1.55 0.0823883 8.63646e-05 0.0104863
1.65 0.0592254 6.76202e-05 0.00753816

0.55 0.78666 0.000661939 0.122376
0.65 0.57367 0.000454502 0.0892422
0.75 0.430148 0.000349134 0.0669152
0.85 0.312451 0.000267786 0.048606
0.95 0.219989 0.000204533 0.0342222
1.05 0.154073 0.000157265 0.0239682
1.15 0.108658 0.00012228 0.0138299
1.25 0.0772161 9.6067e-05 0.009828
1.35 0.0551228 7.60694e-05 0.00701598
1.45 0.039851 6.09113e-05 0.00507221
1.55 0.0299769 4.99634e-05 0.00381544
1.65 -0.022719 0 -0.00289166

0.55 0.22145 0.000340208 0.0344496
0.65 0.155075 0.000228906 0.024124
0.75 0.112045 0.000172608 0.0174302
0.85 0.0792732 0.00013066 0.012332
0.95 0.0546545 9.87549e-05 0.00850225
1.05 0.0375654 7.52217e-05 0.00584381
1.15 0.0263756 5.83593e-05 0.00335707
1.25 0.0184298 4.54635e-05 0.00234574
1.35 0.0131653 3.60116e-05 0.00167567
1.45 0.00990556 2.94171e-05 0.00126077
1.55 -0.00817404 0 -0.00104039
1.65 -0.00698543 0 -0.0008891


