12
0.55 1.67629 0.000537395 0.284476
0.65 1.30398 0.000402011 0.221292
0.75 1.00749 0.000307185 0.170976
0.85 0.716932 0.000229449 0.121667
0.95 0.504045 0.0001728 0.0855393
1.05 0.353173 0.000131406 0.0599354
1.15 0.252456 0.000101875 0.0428432
1.25 0.181311 7.97815e-05 0.0307695
1.35 0.129823 6.27955e-05 0.0220316
1.45 0.0942144 5.00401e-05 0.0119915
1.55 0.068884 4.02199e-05 0.0087675
1.65 0.0520067 3.29902e-05 0.00661938

0.55 4.40749 0.0019125 0.747976
0.65 3.45412 0.00143601 0.586184
0.75 2.69216 0.00110209 0.456875
0.85 1.93029 0.000826314 0.327581
0.95 1.36504 0.000624122 0.231656
1.05 0.960467 0.000475606 0.162997
1.15 0.688261 0.000369178 0.116802
1.25 0.49531 0.000289411 0.0840569
1.35 0.354985 0.0002279 0.0602429
1.45 0.257 0.000181389 0.0327107
1.55 0.186657 0.000145308 0.0237575
1.65 0.138686 0.000118238 0.0176518

0.55 1.97348 0.00117592 0.33491
0.65 1.53941 0.000880892 0.261247
0.75 1.18894 0.000672983 0.20177
0.85 0.846064 0.000502681 0.143582
0.95 0.594366 0.000378425 0.100867
1.05 0.416293 0.000287715 0.0706473
1.15 0.297708 0.000223106 0.0505228
1.25 0.214078 0.000174831 0.0363302
1.35 0.15324 0.000137589 0.0260057
1.45 0.111088 0.000109581 0.0141392
1.55 0.08103 8.79727e-05 0.0103134
1.65 0.0610632 7.20922e-05 0.00777208

0.55 0.790778 0.000713912 0.1342
0.65 0.601718 0.000528199 0.102115
0.75 0.454322 0.000398989 0.077101
0.85 0.316416 0.000294833 0.0536976
0.95 0.219043 0.00022033 0.0371728
1.05 0.151654 0.000166551 0.0257366
1.15 0.107495 0.000128577 0.0182424
1.25 0.0766859 0.000100357 0.013014
1.35 0.0547383 7.88675e-05 0.0092894
1.45 0.0399854 6.30535e-05 0.00508931
1.55 0.0297073 5.10872e-05 0.00378113
1.65 -0.0233227 0 -0.0029685

0.55 0.227086 0.000370591 0.0385378
0.65 0.166976 0.000269532 0.0283368
0.75 0.122231 0.000200471 0.0207434
0.85 0.0828407 0.000146134 0.0140585
0.95 0.0560676 0.000107981 0.00951499
1.05 0.0382145 8.09869e-05 0.00648521
1.15 0.0268204 6.22137e-05 0.00455157
1.25 0.0187818 4.81104e-05 0.00318738
1.35 0.0134025 3.78031e-05 0.00227448
1.45 0.0100376 3.06023e-05 0.00127757
1.55 -0.00796898 0 -0.00101429
1.65 -0.00690645 0 -0.000879047


