25
0.55 10.8113 0.000808834 1.68184
0.65 6.42016 0.000566091 0.998742
0.75 4.14803 0.000418367 0.645282
0.85 2.57873 0.000306122 0.401157
0.95 1.6358 0.00022792 0.25447
1.05 1.07049 0.000173382 0.166528
1.15 0.728236 0.000135138 0.113287
1.25 0.501614 0.00010643 0.0780328
1.35 0.345333 8.40993e-05 0.0537212
1.45 0.241321 6.71633e-05 0.0375408
1.55 0.168654 5.379e-05 0.0262364
1.65 0.120228 4.36175e-05 0.0187031
1.75 0.0863313 3.55775e-05 0.01343
1.85 0.0618252 2.90404e-05 0.00961774
1.95 0.0449859 2.39393e-05 0.00699817
2.05 0.0332474 1.99235e-05 0.00517208
2.15 0.0247635 1.66734e-05 0.00385229
2.25 0.0186206 1.40414e-05 0.00289668
2.35 0.0140304 1.18543e-05 0.00218262
2.45 0.0107513 1.01065e-05 0.00167251
2.55 0.0083194 8.66998e-06 0.0012942
2.65 0.00649672 7.48113e-06 0.00101065
2.75 0.00510179 6.48123e-06 0.000793652
2.85 0.00397938 5.57927e-06 0.000619046
2.95 0.00314472 4.86195e-06 0.000489204

0.55 28.1361 0.00286923 4.37695
0.65 16.8098 0.00201422 2.61499
0.75 10.9364 0.00149378 1.7013
0.85 6.84323 0.00109657 1.06456
0.95 4.36186 0.000818402 0.678546
1.05 2.86413 0.000623623 0.445555
1.15 1.95163 0.000486465 0.303602
1.25 1.34521 0.000383254 0.209266
1.35 0.926235 0.000302863 0.144088
1.45 0.647294 0.000241879 0.100695
1.55 0.451574 0.000193544 0.0702485
1.65 0.321715 0.000156894 0.0500471
1.75 0.230892 0.00012794 0.0359183
1.85 0.165156 0.000104371 0.0256923
1.95 0.120383 8.6113e-05 0.0187273
2.05 0.0889885 7.16748e-05 0.0138434
2.15 0.0663579 6.00174e-05 0.0103229
2.25 0.050009 5.05999e-05 0.00777958
2.35 0.0376759 4.27155e-05 0.00586099
2.45 0.028827 3.63901e-05 0.00448443
2.55 0.0222373 3.11692e-05 0.00345932
2.65 0.0173426 2.68776e-05 0.00269788
2.75 0.0135805 2.32523e-05 0.00211263
2.85 0.0105221 1.99495e-05 0.00163685
2.95 0.00830025 1.73691e-05 0.00129122

0.55 12.8646 0.00177935 2.00126
0.65 7.65243 0.0012464 1.19044
0.75 4.95171 0.000921845 0.770306
0.85 3.07857 0.000674543 0.478913
0.95 1.95268 0.000502201 0.303766
1.05 1.27864 0.000382147 0.19891
1.15 0.871056 0.000298062 0.135504
1.25 0.600729 0.000234888 0.0934514
1.35 0.413965 0.000185694 0.0643978
1.45 0.289465 0.000148346 0.0450302
1.55 0.203022 0.00011902 0.0315829
1.65 0.144773 9.65259e-05 0.0225214
1.75 0.10405 7.87691e-05 0.0161864
1.85 0.0746484 6.43538e-05 0.0116126
1.95 0.0542428 5.30136e-05 0.0084382
2.05 0.0401054 4.41298e-05 0.00623893
2.15 0.0298474 3.6916e-05 0.00464316
2.25 0.0224213 3.10732e-05 0.00348793
2.35 0.0169219 2.62548e-05 0.00263242
2.45 0.012999 2.24114e-05 0.00202218
2.55 0.0101202 1.92846e-05 0.00157434
2.65 0.0079062 1.66436e-05 0.00122992
2.75 0.00623524 1.44499e-05 0.000969976
2.85 0.00489342 1.24773e-05 0.000761238
2.95 0.00387168 1.08796e-05 0.000602292

0.55 5.22335 0.00108784 0.812562
0.65 3.0563 0.000755754 0.475449
0.75 1.93814 0.000553348 0.301504
0.85 1.18444 0.000401436 0.184255
0.95 0.741864 0.000296995 0.115407
1.05 0.48126 0.000224943 0.0748665
1.15 0.325397 0.00017479 0.0506199
1.25 0.22352 0.000137469 0.0347715
1.35 0.153752 0.000108581 0.0239182
1.45 0.107434 8.67108e-05 0.0167127
1.55 0.0751257 6.9465e-05 0.0116868
1.65 0.0537189 5.64144e-05 0.0083567
1.75 0.0385366 4.59935e-05 0.00599489
1.85 0.0276501 3.75783e-05 0.00430134
1.95 0.020052 3.09258e-05 0.00311936
2.05 0.0147937 2.57155e-05 0.00230137
2.15 0.0110021 2.15043e-05 0.00171153
2.25 0.00823158 1.80644e-05 0.00128053
2.35 0.00617808 1.52208e-05 0.000961083
2.45 0.00473275 1.29747e-05 0.000736243
2.55 0.00367017 1.11425e-05 0.000570945
2.65 0.00286834 9.61844e-06 0.000446209
2.75 0.0022622 8.35084e-06 0.000351916
2.85 0.00178288 7.22602e-06 0.000277351
2.95 0.00141803 6.3173e-06 0.000220594

0.55 1.53066 0.000571399 0.238115
0.65 0.866542 0.00039047 0.134802
0.75 0.532553 0.000281448 0.0828459
0.85 0.317845 0.00020178 0.049445
0.95 0.195468 0.000147923 0.0304076
1.05 0.124156 0.00011086 0.0193141
1.15 0.0829592 8.56352e-05 0.0129054
1.25 0.056413 6.70112e-05 0.0087758
1.35 0.03852 5.27346e-05 0.00599231
1.45 0.0267408 4.1976e-05 0.0041599
1.55 0.0186095 3.35467e-05 0.00289495
1.65 0.0132178 2.71529e-05 0.00205621
1.75 0.00953123 2.21945e-05 0.00148271
1.85 0.00680185 1.80848e-05 0.00105812
1.95 0.00492261 1.48679e-05 0.000765778
2.05 0.00363531 1.23691e-05 0.000565521
2.15 0.00268778 1.03132e-05 0.00041812
2.25 0.00199772 8.63494e-06 0.000310772
2.35 0.00150811 7.29687e-06 0.000234606
2.45 0.00116096 6.23532e-06 0.000180603
2.55 0.000887837 5.31763e-06 0.000138115
2.65 0.000704996 4.62693e-06 0.000109672
2.75 0.000549474 3.99346e-06 8.54781e-05
2.85 0.000436825 3.47059e-06 6.79541e-05
2.95 0.000343455 3.01671e-06 5.34291e-05