15
0.55 0.255574 0.000299268 0.0303606
0.65 0.156479 0.000217784 0.0185887
0.75 0.0938095 0.00015868 0.011144
0.85 0.0590377 0.000119497 0.00701331
0.95 0.0382034 9.18666e-05 0.00453833
1.05 0.0247163 7.09939e-05 0.00384495
1.15 0.0165994 5.61393e-05 0.00258226
1.25 0.0113575 4.4966e-05 0.00176682
1.35 0.00801404 3.66826e-05 0.00124669
1.45 0.00567856 3.00617e-05 0.000883377
1.55 0.00406446 2.48114e-05 0.000609289
1.65 0.00294067 2.06253e-05 0.000440826
1.75 0.00221978 1.7539e-05 0.000332759
1.85 0.00165251 1.48305e-05 0.000247723
1.95 0.00126749 1.27426e-05 0.000190005

0.55 0.364183 0.000659997 0.0432627
0.65 0.225911 0.000483445 0.0268369
0.75 0.137012 0.00035429 0.0162762
0.85 0.0871115 0.00026817 0.0103483
0.95 0.057382 0.000208005 0.00681663
1.05 0.0374499 0.000161449 0.00582583
1.15 0.0254071 0.000128315 0.00395242
1.25 0.0174216 0.000102888 0.00271016
1.35 0.0124001 8.43001e-05 0.00192901
1.45 0.0087942 6.91151e-05 0.00136806
1.55 0.00639228 5.74855e-05 0.000958245
1.65 0.00459243 4.76187e-05 0.000688435
1.75 0.00343682 4.03189e-05 0.000515202
1.85 0.00262438 3.45283e-05 0.000393412
1.95 0.00201005 2.96462e-05 0.00030132

0.55 0.290018 0.000632521 0.0344524
0.65 0.178082 0.000460965 0.021155
0.75 0.106315 0.000335164 0.0126296
0.85 0.0668094 0.000252215 0.00793655
0.95 0.0430901 0.000193578 0.00511884
1.05 0.0280488 0.000150054 0.00436338
1.15 0.0188416 0.00011867 0.00293107
1.25 0.0128319 9.48306e-05 0.00199618
1.35 0.00908255 7.74816e-05 0.00141291
1.45 0.006387 6.32562e-05 0.000993584
1.55 0.00450102 5.18043e-05 0.000674733
1.65 0.00333995 4.36121e-05 0.000500681
1.75 0.00252746 3.71324e-05 0.000378882
1.85 0.00186576 3.12658e-05 0.00027969
1.95 0.00139894 2.65611e-05 0.00020971

0.55 0.246502 0.00044138 0.0292829
0.65 0.148604 0.000318723 0.0176532
0.75 0.0881957 0.000231059 0.0104771
0.85 0.0548831 0.000173026 0.00651978
0.95 0.0348225 0.000131715 0.0041367
1.05 0.0221992 0.000101041 0.00345338
1.15 0.0147565 7.949e-05 0.00229557
1.25 0.0101587 6.38648e-05 0.00158033
1.35 0.00699114 5.14528e-05 0.00108757
1.45 0.00497633 4.22619e-05 0.000774135
1.55 0.00349068 3.45307e-05 0.000523276
1.65 0.00254574 2.88193e-05 0.000381623
1.75 0.00192491 2.45277e-05 0.000288557
1.85 0.00142279 2.06658e-05 0.000213286
1.95 0.00108604 1.77137e-05 0.000162804


