19
0.55 0.0392668 0.000128994 0.00566423
0.65 0.0254461 9.07949e-05 0.00367059
0.75 0.0182788 7.1257e-05 0.00263671
0.85 0.0127432 5.55908e-05 0.0018382
0.95 0.00941872 4.49695e-05 0.00135865
1.05 0.00706424 3.68509e-05 0.00110893
1.15 0.00513108 2.98541e-05 0.000805466
1.25 0.00371336 2.42341e-05 0.000582915
1.35 0.00264745 1.95887e-05 0.00041559
1.45 0.00192063 1.60163e-05 0.000301495
1.55 0.00137176 1.30249e-05 0.000242496
1.65 0.00101332 1.07947e-05 0.000179132
1.75 0.000735675 8.8855e-06 0.00013005
1.85 0.000524339 7.25872e-06 9.26909e-05
1.95 0.000398033 6.12866e-06 7.03629e-05
2.1 0.000254548 3.31516e-06 4.42782e-05
2.3 0.00014333 2.34994e-06 2.4932e-05
2.5 8.4524e-05 1.71346e-06 1.47028e-05
2.7 5.16685e-05 1.27586e-06 8.98765e-06

0.55 0.0574608 0.000288286 0.00828871
0.65 0.0373881 0.000203328 0.00539323
0.75 0.0271829 0.00016054 0.00392113
0.85 0.0193449 0.00012654 0.0027905
0.95 0.0144859 0.000103033 0.00208959
1.05 0.0109653 8.48216e-05 0.00172131
1.15 0.00810867 6.93353e-05 0.00127288
1.25 0.0060233 5.70219e-05 0.000945524
1.35 0.00424356 4.58181e-05 0.000666144
1.45 0.0031282 3.77633e-05 0.000491058
1.55 0.00224987 3.08172e-05 0.000397724
1.65 0.00169126 2.57645e-05 0.000298975
1.75 0.00123151 2.12392e-05 0.000217701
1.85 0.000874255 1.73162e-05 0.000154548
1.95 0.000695707 1.49692e-05 0.000122985
2.1 0.000434542 8.00249e-06 7.55878e-05
2.3 0.000240634 5.62682e-06 4.18578e-05
2.5 0.000142629 4.1107e-06 2.48101e-05
2.7 9.05948e-05 3.11958e-06 1.57588e-05

0.55 0.044251 0.000271693 0.0063832
0.65 0.0290571 0.000192503 0.00419148
0.75 0.0208098 0.000150851 0.0030018
0.85 0.01434 0.000117003 0.00206854
0.95 0.0106285 9.47804e-05 0.00153316
1.05 0.00792922 7.74625e-05 0.00124471
1.15 0.00582105 6.309e-05 0.000913776
1.25 0.00410604 5.0561e-05 0.000644557
1.35 0.00302513 4.15455e-05 0.000474878
1.45 0.00218251 3.38751e-05 0.000342606
1.55 0.00153356 2.7324e-05 0.000271097
1.65 0.00112627 2.25797e-05 0.000199099
1.75 0.000819175 1.86032e-05 0.000144811
1.85 0.000568836 1.50006e-05 0.000100557
1.95 0.000419398 1.24819e-05 7.41399e-05
2.1 0.000286897 6.98289e-06 4.99053e-05
2.3 0.00016558 5.01089e-06 2.88023e-05
2.5 9.58408e-05 3.62173e-06 1.66713e-05
2.7 5.5403e-05 2.62358e-06 9.63725e-06

0.55 0.0367098 0.000187305 0.00529538
0.65 0.0236661 0.000131497 0.00341383
0.75 0.0167596 0.000102468 0.00241757
0.85 0.0114794 7.92365e-05 0.00165591
0.95 0.00839301 6.37501e-05 0.00121069
1.05 0.00614807 5.1628e-05 0.00096511
1.15 0.00438632 4.14524e-05 0.000688555
1.25 0.00309106 3.32045e-05 0.000485227
1.35 0.00220021 2.68179e-05 0.000345384
1.45 0.00158321 2.18379e-05 0.000248529
1.55 0.00110757 1.7576e-05 0.000195792
1.65 0.000797217 1.43789e-05 0.000140929
1.75 0.000582337 1.18721e-05 0.000102944
1.85 0.00041767 9.72906e-06 7.38344e-05
1.95 0.000302843 8.02814e-06 5.35356e-05
2.1 0.000193863 4.34357e-06 3.37222e-05
2.3 0.0001115 3.11111e-06 1.93953e-05
2.5 6.50127e-05 2.25669e-06 1.13088e-05
2.7 3.91093e-05 1.66774e-06 6.803e-06


