13
0.55 0.049221 0.000279904 0.00535989
0.65 0.033772 0.000186891 0.00367758
0.75 0.022918 0.000134334 0.00249565
0.85 0.0156542 9.89168e-05 0.00170465
0.95 0.0106447 7.38553e-05 0.00115914
1.05 0.0071607 5.55594e-05 0.00100255
1.15 0.00501782 4.31132e-05 0.000702531
1.25 0.00346893 3.35276e-05 0.000485675
1.35 0.00251363 2.68995e-05 0.000351926
1.45 0.00188428 2.20993e-05 0.000263813
1.55 0.00136158 1.79327e-05 0.00023492
1.65 0.00106477 1.52203e-05 0.000183709
1.75 0.000823088 1.29081e-05 0.000142011

0.55 0.0730395 0.000629932 0.0079536
0.65 0.0500984 0.000420535 0.00545544
0.75 0.0349757 0.000306592 0.00380866
0.85 0.0235611 0.000224199 0.00256568
0.95 0.0164617 0.000169681 0.00179259
1.05 0.0111117 0.000127865 0.00155572
1.15 0.00770996 9.87321e-05 0.00107945
1.25 0.00545719 7.76907e-05 0.000764045
1.35 0.0039714 6.24662e-05 0.000556024
1.45 0.00298747 5.14088e-05 0.000418267
1.55 0.00219106 4.20272e-05 0.000378033
1.65 0.00165227 3.50281e-05 0.000285073
1.75 0.00128445 2.97906e-05 0.000221612

0.55 0.0552096 0.000588169 0.00601202
0.65 0.0382912 0.000394839 0.0041697
0.75 0.0250732 0.000278781 0.00273034
0.85 0.0177848 0.000209189 0.00193666
0.95 0.0117806 0.000154156 0.00128284
1.05 0.00787235 0.000115583 0.00110219
1.15 0.0057352 9.14506e-05 0.000802969
1.25 0.003855 7.01256e-05 0.000539727
1.35 0.00282847 5.66148e-05 0.000396006
1.45 0.00208959 4.6174e-05 0.000292558
1.55 0.00151177 3.74909e-05 0.000260832
1.65 0.00121876 3.23083e-05 0.000210277
1.75 0.000929176 2.72113e-05 0.000160314

0.55 0.0453462 0.000403464 0.00493795
0.65 0.0310735 0.000269219 0.00338373
0.75 0.0207894 0.00019214 0.00226385
0.85 0.0141669 0.000141317 0.0015427
0.95 0.00947416 0.000104637 0.00103168
1.05 0.006332 7.84604e-05 0.000886525
1.15 0.00440767 6.06816e-05 0.000617106
1.25 0.00301097 4.69092e-05 0.000421558
1.35 0.00212487 3.71416e-05 0.000297498
1.45 0.001618 3.07535e-05 0.000226531
1.55 0.0011484 2.47326e-05 0.000198139
1.65 0.000913632 2.1173e-05 0.000157633
1.75 0.000713116 1.80435e-05 0.000123037


