15
0.55 0.290169 0.000345259 0.0402153
0.65 0.167901 0.00024049 0.0232699
0.75 0.101651 0.000173468 0.0140881
0.85 0.0606314 0.000125355 0.00840308
0.95 0.0387834 9.44971e-05 0.00537511
1.05 0.025829 7.31169e-05 0.00383541
1.15 0.017414 5.72012e-05 0.00258585
1.25 0.0118255 4.50976e-05 0.001756
1.35 0.00815195 3.59504e-05 0.0012105
1.45 0.00572305 2.90107e-05 0.000849829
1.55 0.00407825 2.36501e-05 0.000651729
1.65 0.00293201 1.94126e-05 0.000468553
1.75 0.00218534 1.62597e-05 0.000349231
1.85 0.0015758 1.34219e-05 0.000251822
1.95 0.00118102 1.13158e-05 0.000188735

0.55 0.413008 0.000760991 0.05724
0.65 0.241714 0.000533091 0.0334998
0.75 0.148598 0.00038748 0.0205946
0.85 0.0898062 0.000281855 0.0124465
0.95 0.0579784 0.000213456 0.0080354
1.05 0.0391592 0.000166326 0.00581484
1.15 0.0265967 0.000130602 0.00394941
1.25 0.0181463 0.000103209 0.00269458
1.35 0.0126171 8.26292e-05 0.00187355
1.45 0.00898014 6.71376e-05 0.00133348
1.55 0.00633077 5.44382e-05 0.0010117
1.65 0.00461726 4.50063e-05 0.000737867
1.75 0.0034549 3.77703e-05 0.000552114
1.85 0.00246644 3.10226e-05 0.000394153
1.95 0.00186732 2.62872e-05 0.000298409

0.55 0.329578 0.000730062 0.0456772
0.65 0.191035 0.000508965 0.0264761
0.75 0.115661 0.000367127 0.0160297
0.85 0.0684128 0.000264193 0.00948153
0.95 0.0436876 0.000198992 0.00605479
1.05 0.0291697 0.000154166 0.00433147
1.15 0.0196306 0.000120499 0.00291499
1.25 0.0134715 9.55016e-05 0.00200041
1.35 0.00923008 7.5899e-05 0.0013706
1.45 0.00639634 6.08513e-05 0.000949808
1.55 0.00461126 4.9896e-05 0.000736908
1.65 0.00330599 4.08989e-05 0.000528318
1.75 0.00244168 3.41002e-05 0.000390196
1.85 0.00178844 2.837e-05 0.000285803
1.95 0.00133719 2.38898e-05 0.000213691

0.55 0.279791 0.00050914 0.038777
0.65 0.159893 0.000352441 0.0221601
0.75 0.095296 0.000252232 0.0132074
0.85 0.0560941 0.000181072 0.00777424
0.95 0.0355278 0.000135825 0.0049239
1.05 0.0232218 0.000104115 0.00344826
1.15 0.0155178 8.10908e-05 0.00230428
1.25 0.0104798 6.37559e-05 0.00155618
1.35 0.00716403 5.06118e-05 0.0010638
1.45 0.00496224 4.05679e-05 0.000736855
1.55 0.00354034 3.30916e-05 0.000565768
1.65 0.00251954 2.70248e-05 0.000402639
1.75 0.00188067 2.26522e-05 0.000300543
1.85 0.00136647 1.87699e-05 0.000218371
1.95 0.0010101 1.57159e-05 0.000161421


