13
0.55 0.052408 0.000283984 0.00585518
0.65 0.0352552 0.000190078 0.00393882
0.75 0.024117 0.00013518 0.00269443
0.85 0.0158157 9.65035e-05 0.00176697
0.95 0.0108911 7.19246e-05 0.00121678
1.05 0.00768296 5.50527e-05 0.00110827
1.15 0.00538118 4.24849e-05 0.000776234
1.25 0.00379152 3.32067e-05 0.000546927
1.35 0.00270321 2.63256e-05 0.000389938
1.45 0.00198849 2.1352e-05 0.000286839
1.55 0.00147451 1.7498e-05 0.000231465
1.65 0.00116144 1.48634e-05 0.00018232
1.75 0.000908795 1.2649e-05 0.00014266

0.55 0.0765527 0.000634098 0.00855268
0.65 0.052758 0.00042958 0.00589427
0.75 0.0361318 0.000305686 0.00403674
0.85 0.0239471 0.000219384 0.00267544
0.95 0.0165058 0.000163584 0.00184407
1.05 0.0118797 0.000126473 0.00171364
1.15 0.00836549 9.78637e-05 0.00120672
1.25 0.00600752 7.72229e-05 0.000866584
1.35 0.00413463 6.01501e-05 0.00059642
1.45 0.00319673 5.00162e-05 0.000461128
1.55 0.00233956 4.07203e-05 0.000367259
1.65 0.00180292 3.42128e-05 0.000283018
1.75 0.00142355 2.92476e-05 0.000223466

0.55 0.0591661 0.000598677 0.00661021
0.65 0.039362 0.000398491 0.00439763
0.75 0.0269465 0.000283506 0.00301053
0.85 0.017828 0.000203287 0.00199179
0.95 0.0124719 0.00015271 0.00139339
1.05 0.00854572 0.000115199 0.00123272
1.15 0.0059168 8.83893e-05 0.000853498
1.25 0.00422801 6.95739e-05 0.00060989
1.35 0.00309736 5.59105e-05 0.000446794
1.45 0.00215621 4.41146e-05 0.000311032
1.55 0.00163567 3.65656e-05 0.000256764
1.65 0.00133584 3.1627e-05 0.000209698
1.75 0.00107285 2.7268e-05 0.000168414

0.55 0.0492186 0.000413295 0.00549884
0.65 0.0326875 0.00027486 0.00365194
0.75 0.022179 0.00019468 0.00247791
0.85 0.0142362 0.000137498 0.00159051
0.95 0.00973217 0.000102105 0.00108731
1.05 0.00683445 7.79769e-05 0.000985867
1.15 0.00477635 6.01097e-05 0.000688988
1.25 0.00328146 4.63929e-05 0.00047335
1.35 0.00238679 3.71488e-05 0.000344294
1.45 0.00169446 2.96001e-05 0.000244425
1.55 0.00126208 2.43113e-05 0.000198119
1.65 0.000995242 2.06626e-05 0.000156231
1.75 0.000773061 1.75199e-05 0.000121353


