0  0  350  0.121917   0.000357332   0.143577   0.579219   0.00579451   0.145256
0  1  210  0.125937   0.000462738   0.156229   0.563081   0.0077363   0.168362
0  2  175  0.120164   0.000209013   0.138176   0.588043   0.000208104   0.141872
0  3  105  0.123191   0.000135313   0.148193   0.583567   0.000550002   0.148478
0  4  70  0.117387   0.000295695   0.132439   0.6   0.000243119   0.130287
0  5  35  0.113881   0.000584929   0.126389   0.6   0.000545   0.133937
1  0  399.015  0.120653   0.00089374   0.169606   0.599998   9.77331e-06   0.207091
1  1  250.884  0.123025   0.000604731   0.163351   0.596039   0.0094934   0.182086
1  2  199.297  0.119857   0.000291118   0.130864   0.6   0.000194289   0.172206
1  3  149.868  0.117591   0.000504786   0.182774   0.6   0.000203244   0.191514
1  4  70  0.121339   0.000297109   0.148108   0.6   0.000272706   0.180305
1  5  35  0.118209   0.000509881   0.163714   0.6   0.000538813   0.19504
2  0  1365  0.101562   0.000130353   0.136073   0.613364   0.00349684   0.0583677
2  1  812.866  0.103188   0.000123091   0.106293   0.601744   0.00332151   0.0455942
2  2  672.181  0.0998554   9.71671e-05   0.136833   0.606899   0.00266853   0.0389992
2  3  441  0.0996822   7.25417e-05   0.126926   0.598269   0.00202475   0.0337726
2  4  251.571  0.0979013   2.66612e-05   0.0513145   0.591926   0.000762871   0.0148133
2  5  80.0355  0.101771   0.00648567   0.0610218   0.555871   0.0302443   0.0782374
3  0  697.915  0.101146   0.000110661   0.15802   0.595972   0.00218438   0.0988829
3  1  525  0.0990218   8.93638e-05   0.162633   0.602079   0.00177189   0.0955738
3  2  441  0.0957363   0.000115752   0.15174   0.608776   0.00207949   0.10849
3  3  212.718  0.100308   0.00441162   0.060469   0.579076   0.0219845   0.126731
3  4  117.799  0.0993088   0.000102661   0.0475388   0.565075   0.0020975   0.111974
3  5  25.1484  0.110212   0.00160135   0.124321   0.490491   0.0115927   0.298986
4  0  58500  0.105181   8.13386e-05   0.123975   0.6041   0.00277981   0.166873
4  1  29250  0.108065   7.41241e-05   0.121782   0.576239   0.0025097   0.167208
4  2  19500  0.108223   5.21741e-05   0.0588969   0.555986   0.00178639   0.159845
4  3  9750  0.111257   4.83279e-05   0.064183   0.52551   0.00165483   0.165082
4  4  7800  0.106602   1.94246e-05   0.0731505   0.514747   0.000687025   0.160759
4  5  2527.99  0.109453   0.00404745   0.103572   0.470335   0.0155602   0.325655
5  0  1950  0.101944   0.000206895   0.115514   0.639399   0.0073068   0.116814
5  1  1560  0.100625   0.000207482   0.141044   0.625192   0.00748824   0.0972392
5  2  1267.5  0.099034   0.000166475   0.0643078   0.609208   0.00622722   0.16618
5  3  975  0.0975505   0.000145938   0.121923   0.58437   0.00567183   0.285594
5  4  361.764  0.100228   0.000131027   0.107194   0.531656   0.00521275   0.299583
5  5  49.6206  0.110451   0.00313506   0.12558   0.415825   0.0184297   0.428087
