0  0  214.767  0.140386   0.000744032   0.464597   0.0051295
0  1  147.132  0.141158   6.89566e-06   0.442524   0.000205072
0  2  79.2202  0.153053   5.23572e-06   0.322106   1.2328e-06
0  3  38.5923  0.16331   5.70926e-05   0.31204   0.00502568
0  4  19.6448  0.168026   7.72193e-06   0.19187   3.12781e-05
0  5  7.55677  0.173464   1.89622e-05   0.009   0.000445941
1  0  201.166  0.147021   1.17231e-05   0.439529   0.000287058
1  1  147.132  0.145004   6.68443e-06   0.442507   0.000198586
1  2  79.2202  0.157495   5.18177e-06   0.322106   1.11263e-06
1  3  35.8401  0.172554   5.58331e-05   0.255306   0.000714981
1  4  19.6448  0.173804   7.62067e-06   0.19187   6.72429e-05
1  5  7.55677  0.180353   1.87498e-05   0.009   0.000380646
2  0  235.896  0.139289   6.61268e-06   0.416893   1.30182e-05
2  1  121.207  0.145095   5.13647e-05   0.386741   0.000119878
2  2  57.8641  0.154328   5.24704e-05   0.322106   4.78223e-05
2  3  29.5684  0.161126   1.52934e-05   0.255306   2.2656e-05
2  4  11.3557  0.169469   1.36534e-05   0.156984   9.9089e-06
2  5  3.87213  0.174613   3.36887e-05   0.009   0.000408882
3  0  201.012  0.125464   0.000193424   0.473825   0.000468192
3  1  105.986  0.129834   4.52613e-07   0.4565   0.000231389
3  2  49.6651  0.139041   1.04607e-07   0.390707   0.000344509
3  3  24.1924  0.147166   5.86472e-05   0.309069   0.00167024
3  4  9.29106  0.155078   1.70459e-05   0.19187   5.64386e-05
3  5  3.314  0.158762   0.000226122   0.011   0.00165133
4  0  5500  0.138059   1.39848e-05   0.474874   0.00029289
4  1  2481.23  0.142204   4.18413e-05   0.472683   5.59141e-06
4  2  859.47  0.154677   4.31592e-06   0.393686   1.009e-06
4  3  370.207  0.165809   3.47132e-05   0.269411   0.000949447
4  4  129.885  0.173012   7.03006e-06   0.19187   7.05475e-06
4  5  48.0205  0.175514   0.000130066   0.009   0.00150078
5  0  4500  0.125464   1.82108e-10   0.416893   4.43701e-09
5  1  2180.57  0.129834   7.08985e-11   0.386741   4.13605e-09
5  2  859.47  0.139041   7.95638e-11   0.322106   7.69335e-09
5  3  370.207  0.146725   7.21529e-10   0.255306   2.21165e-08
5  4  129.885  0.154347   1.71631e-10   0.156984   1.82057e-08
5  5  42.0501  0.158524   7.60638e-10   0.009   1.666e-06
