0  0  0.139404  0.463213  223.518   214.451   5000
0  1  0.14426  0.429712  133.756   117.762   2422.86
0  2  0.15449  0.357897  72.0184   55.1835   954.968
0  3  0.163028  0.283672  39.7665   26.8804   411.34
0  4  0.171498  0.174426  17.8589   10.3233   144.317
0  5  0.17427  0.1  7.14099   3.70048   49.898

1  0  0.155005  0.356457  171.338   59.3324   63.2824
1  1  0.163759  0.290665  95.0321   29.5634   28.7067
1  2  0.171894  0.205297  55.3496   15.4937   13.3906
1  3  0.178093  0.1  32.8325   8.23443   6.31885
1  4  0.179117  0.1  17.4256   3.87498   2.53494
1  5  0.180039  0.1  7.37809   1.4308   0.67506
