0  0  0.67472  0.120902  0  0.609715  0.00263646
0  1  0.922396  0.121377  0  0.628889  0.00414831
0  2  0.77583  0.12083  0  0.605584  0.00231281
0  3  0.673086  0.120693  0  0.587914  0.00262093
1  0  0.602982  0.120902  0  0.630894  0.00341866
1  1  0.829634  0.121377  0  0.647631  0.00422678
1  2  0.692411  0.12083  0  0.627224  0.00321271
1  3  0.597557  0.120693  0  0.612058  0.00249533
2  0  0.568007  0.120902  0  0.582629  0.00134764
2  1  0.80928  0.121377  0  0.599246  0.00193731
2  2  0.642367  0.12083  0  0.580242  0.0010462
2  3  0.542627  0.120693  0  0.564224  0.000797307
3  0  0.490948  0.120902  0  0.629206  0.000243185
3  1  0.722026  0.121377  0  0.63462  0.000742421
3  2  0.535738  0.12083  0  0.63829  0.000570204
3  3  0.460205  0.120693  0  0.616603  0.000292029
4  0  6.37839  0.120902  0  0.546031  0.00215534
4  1  9.10142  0.121377  0  0.562381  0.00322341
4  2  7.2931  0.12083  0  0.545537  0.00140436
4  3  6.00581  0.120693  0  0.527007  0.00111708
5  0  2.49297  0.120902  0  0.66737  0.00114428
5  1  3.61966  0.121377  0  0.687355  0.00230724
5  2  2.85102  0.12083  0  0.666767  0.000853345
5  3  2.30192  0.120693  0  0.644106  0.00111381
