0  0  52.4069  0.1089  0.000528239  0.7722  0.00191876
0  1  152.43  0.1089  0.00244828  0.7722  0.00889212
0  2  32.0792  0.1386  0.000812166  0.6732  0.00335141
0  3  6.79822  0.1584  0.00134762  0.5445  0.00707887
1  0  47.4323  0.1089  0.000802912  0.7722  0.00291526
1  1  145.286  0.1089  0.00311787  0.7722  0.0114537
1  2  27.1672  0.1386  0.00100433  0.6732  0.00416162
1  3  6.29324  0.1584  0.00220376  0.5445  0.011854
2  0  56.9404  0.1089  0.00284913  0.7722  0.00600412
2  1  275.118  0.1089  0.000515097  0.7722  0.00103763
2  2  25.626  0.1386  0.0100592  0.719874  0.0146791
2  3  1.27955  0.202561  0.00772485  0.5445  0.0889641
3  0  55.8055  0.1089  0.00226947  0.7722  0.00451076
3  1  258.744  0.1089  0.000756592  0.7722  0.00150101
3  2  27.6094  0.1386  0.00194534  0.6732  0.00523859
3  3  4.57044  0.1584  0.0174464  0.5445  0.0609282
4  0  641.308  0.1089  0.0111011  0.7722  0.00811788
4  1  2225.9  0.1089  0.00410311  0.783362  0.00993972
4  2  110.23  0.1386  0.0196098  0.721729  0.00969671
4  3  11.0551  0.1584  0.00955622  0.669369  0.0137738
5  0  437.732  0.1089  0.020367  0.794006  0.0159974
5  1  1544.41  0.1089  0.00503658  0.810076  0.0162871
5  2  73.1146  0.1386  0.0379071  0.773952  0.0233982
5  3  7.84385  0.1584  0.0174526  0.715  0.0665563
