0  0  0.123591  0.721011  39.6455  39.1739  393.084
0  1  0.1144  0.750638  172.079  171.382  2082.51
0  2  0.116913  0.744702  132.054  133.201  1504.56
0  3  0.118447  0.740036  106.811  105.826  1163.18
0  4  0.120473  0.733622  85.3369  82.2963  884.039
0  5  0.125302  0.718035  55.1228  54.6587  525.027
0  6  0.13077  0.696077  31.2436  30.8349  272.436
0  7  0.138015  0.664247  16.2937  15.7118  124.772
0  8  0.143793  0.631123  8.11997  7.9754  56.8602
0  9  0.151702  0.58131  3.55648  3.4336  22.238
0  10  0.165  0.508585  1.18799  1.17794  6.33328
0  11  0.176707  0.41  0.486182  0.478108  2.64121

1  0  2.46615  0.554878  0.439779  39.1739  393.084
1  1  0.1144  0.750638  172.079  171.382  2082.51
1  2  0.116913  0.744702  132.054  133.201  1504.56
1  3  0.118447  0.740036  106.811  105.826  1163.18
1  4  0.120473  0.733622  85.3369  82.2963  884.039
1  5  0.125302  0.718035  55.1228  54.6587  525.027
1  6  0.13077  0.696077  31.2436  30.8349  272.436
1  7  0.138015  0.664247  16.2937  15.7118  124.772
1  8  0.143793  0.631123  8.11997  7.9754  56.8602
1  9  0.151702  0.58131  3.55648  3.4336  22.238
1  10  0.165  0.508585  1.18799  1.17794  6.33328
1  11  0.176707  0.41  0.486182  0.478108  2.64121
