0  0  0.11746  0.695203  2.64432  2.93217  2.46343
0  1  0.118721  0.705188  4.48191  4.97314  4.22255
0  2  0.118295  0.695561  3.4796  3.85271  3.20855
0  3  0.11467  0.690338  2.52977  2.80295  2.39652
0  4  0.118769  0.629365  1.03692  1.14646  0.841094

1  0  0.11746  0.695203  2.64432  2.93217  2.46343
1  1  0.118721  0.705188  4.48191  4.97314  4.22255
1  2  0.118295  0.695561  3.4796  3.85271  3.20855
1  3  0.11467  0.690338  2.52977  2.80295  2.39652
1  4  0.118769  0.629365  1.03692  1.14646  0.841094
