0  0  0.101237  0.752718  42.5106  36.1947  53.2934
0  1  0.107489  0.749842  83.9353  73.7161  96.7958
0  2  0.104177  0.746303  45.0838  38.9722  52.6677
0  3  0.102001  0.72903  20.9304  17.8033  23.9011
0  4  0.0994485  0.703961  7.18183  6.04204  8.03559

1  0  0.101237  0.752718  42.5106  36.1947  53.2934
1  1  0.107489  0.749842  83.9353  73.7161  96.7958
1  2  0.104177  0.746303  45.0838  38.9722  52.6677
1  3  0.102001  0.72903  20.9304  17.8033  23.9011
1  4  0.0994485  0.703961  7.18183  6.04204  8.03559
