0  0  40.5827  0.122355  0.0113681  0.713801  0.0610492
0  1  178.326  0.113256  0.00836629  0.743132  0.0486297
0  2  136.671  0.115744  0.00937403  0.737255  0.0533291
0  3  110.38  0.117263  0.00955345  0.732636  0.0535869
0  4  87.4977  0.119268  0.0102301  0.726286  0.0566418
0  5  56.3878  0.124049  0.0105708  0.710855  0.0559953
0  6  31.6651  0.129462  0.0135724  0.689116  0.0682968
0  7  16.023  0.136635  0.0170049  0.657605  0.0801667
0  8  7.92576  0.142355  0.0192019  0.624812  0.084911
0  9  3.36866  0.150185  0.0197501  0.575498  0.0799947
0  10  1.09239  0.16335  0.0087035  0.503499  0.102217
0  11  0.418395  0.17494  0.00894575  0.4059  0.0962279
1  0  0.0500398  2.44149  0.0139567  0.832317  0.00965766
1  1  179.369  0.113256  0.00754109  0.743132  0.0431181
1  2  138.465  0.115744  0.00833338  0.737255  0.0465949
1  3  108.949  0.117263  0.00869399  0.732636  0.0481852
1  4  85.4096  0.119268  0.00877632  0.726286  0.0477699
1  5  55.8267  0.124049  0.0100174  0.710855  0.0527496
1  6  31.0976  0.129462  0.0127369  0.689116  0.0636732
1  7  15.7086  0.136635  0.0141356  0.657605  0.0657794
1  8  7.80703  0.142355  0.0163652  0.624812  0.0725801
1  9  3.31047  0.150185  0.0190698  0.575497  0.0772049
1  10  1.07417  0.16335  0.00888167  0.503499  0.0837166
1  11  0.416963  0.17494  0.00943242  0.405901  0.0809909
2  0  412.719  0.122355  0.00763087  0.713801  0.00688718
2  1  2187.95  0.113256  0.00271306  0.743132  0.00572347
2  2  1583.77  0.115744  0.00747234  0.737255  0.00654491
2  3  1240.64  0.117263  0.00838003  0.732636  0.00838821
2  4  927.263  0.119268  0.00264099  0.726286  0.0061976
2  5  553.563  0.124049  0.00275146  0.710855  0.00658261
2  6  285.801  0.129462  0.00956918  0.689116  0.0135056
2  7  130.224  0.136635  0.00302629  0.657605  0.00838569
2  8  59.1064  0.142355  0.00292243  0.624812  0.00886047
2  9  22.2089  0.150185  0.00237145  0.575497  0.00830295
2  10  5.922  0.16335  0.00289521  0.503499  0.0120553
2  11  2.17963  0.17494  0.00559169  0.4059  0.0770326
3  0  0.110537  2.44149  0.00506098  0.832317  0.00639279
3  1  1999.68  0.113719  0.00775027  0.743134  0.0516534
3  2  1383.45  0.11708  0.00608569  0.737589  0.0308187
3  3  950.685  0.120744  0.00523305  0.732645  0.052029
3  4  859.311  0.119275  0.00897031  0.726286  0.0527066
3  5  451.723  0.126656  0.00775241  0.710874  0.0760866
3  6  249.225  0.130816  0.0102393  0.68912  0.0625932
3  7  107.571  0.138978  0.00505728  0.657651  0.0236992
3  8  49.0597  0.144565  0.0112298  0.624837  0.0499374
3  9  20.6295  0.150185  0.0212777  0.575499  0.0793078
3  10  5.66123  0.163352  0.0432815  0.5035  0.132575
3  11  1.74009  0.175038  0.0307119  0.495996  0.0921599
4  0  234.268  0.124215  0.00859895  0.714599  0.0494598
4  1  1806.06  0.113261  0.0089319  0.750871  0.00213048
4  2  1227.12  0.115745  0.0104277  0.745734  0.00252769
4  3  901.82  0.117328  0.0102715  0.739114  0.00267664
4  4  558.053  0.121186  0.00888655  0.730279  0.0106475
4  5  345.176  0.124052  0.0121874  0.7136  0.00517001
4  6  159.247  0.129463  0.005574  0.689116  0.0227453
4  7  62.3845  0.136635  0.00744567  0.657605  0.00557381
4  8  25.7847  0.142355  0.00405661  0.624812  0.00736289
4  9  8.39785  0.150185  0.00278639  0.575497  0.00631767
4  10  1.95365  0.16335  0.00294689  0.503499  0.00816711
4  11  0.596422  0.17494  0.00334039  0.4059  0.0121587
5  0  0.00185582  2.44149  0.0334873  0.775393  0.635248
5  1  1314.95  0.113256  0.0144268  0.763062  0.00412425
5  2  907.216  0.115744  0.0127166  0.757841  0.0031635
5  3  668.291  0.117263  0.00907279  0.750441  0.00223537
5  4  482.081  0.119268  0.014762  0.740271  0.00428364
5  5  252.731  0.124055  0.0128765  0.724448  0.00362449
5  6  118.113  0.129472  0.0103668  0.689957  0.0344089
5  7  46.6941  0.136635  0.0119855  0.657605  0.015278
5  8  19.4612  0.142355  0.00345729  0.624812  0.0065471
5  9  6.31488  0.150185  0.00260291  0.575497  0.00591932
5  10  1.43733  0.16335  0.00398645  0.503499  0.0117028
5  11  0.472365  0.17494  0.0159383  0.4059  0.0411326
