0  0  17.3639  0.12771  0.000853701  0.693  0.003566
0  1  44.6269  0.12771  0.000485578  0.693  0.00202375
0  2  16.0864  0.13662  0.00080467  0.6732  0.00336728
0  3  5.91172  0.14355  0.00188945  0.594  0.00935801
0  4  0.900305  0.17325  0.00672201  0.396  0.0672949
1  0  15.2813  0.12771  0.0018128  0.693  0.00764105
1  1  39.5648  0.12771  0.00569433  0.693  0.0250202
1  2  14.2306  0.13662  0.00135859  0.6732  0.00574003
1  3  5.20879  0.14355  0.00390765  0.594  0.0197973
1  4  0.787878  0.17325  0.0281018  0.396  0.0862773
2  0  13.6025  0.12771  0.0167425  0.698853  0.008803
2  1  35.9783  0.12771  0.00753766  0.706322  0.010304
2  2  11.2365  0.13662  0.021811  0.677989  0.0106098
2  3  3.46783  0.14355  0.00544515  0.628302  0.0102764
2  4  0.292562  0.185429  0.00153809  0.398829  0.00517016
3  0  13.7409  0.12771  0.00462141  0.693  0.0210803
3  1  37.1054  0.12771  0.0115134  0.693439  0.0482341
3  2  11.3356  0.13662  0.00643369  0.6732  0.0101598
3  3  3.47474  0.143628  0.00176623  0.614609  0.00676065
3  4  0.401499  0.173283  0.00179166  0.396001  0.00414026
4  0  76.6165  0.12771  0.0076238  0.721161  0.0103944
4  1  197.116  0.12771  0.0217309  0.742868  0.0104525
4  2  51.4959  0.13662  0.0140862  0.7089  0.012293
4  3  14.6183  0.143552  0.00619739  0.649474  0.0172772
4  4  0.165003  0.227499  0.00262795  0.52  0.00444771
5  0  60.1294  0.12771  0.0127618  0.753692  0.0126839
5  1  154.819  0.12771  0.0230686  0.77603  0.0133562
5  2  40.5656  0.13662  0.0172117  0.744742  0.0148847
5  3  11.43  0.14355  0.00382459  0.689627  0.0228475
5  4  0.433172  0.192287  0.00200343  0.52  0.00420394
