0  0  0.986095  0.152601  0.00977491  0.641232  0.0409531
0  1  1.73945  0.1526  0.0141157  0.663831  0.021085
0  2  1.2047  0.161153  0.00694053  0.547215  0.0162222
0  3  0.866449  0.1526  0.00869356  0.615268  0.0359862
0  4  0.395225  0.1526  0.00140511  0.545425  0.00693508
1  0  1.02373  0.152601  0.0160345  0.641232  0.0676436
1  1  1.808  0.1526  0.00480394  0.663831  0.0190629
1  2  1.3592  0.158007  0.0107041  0.547182  0.0413788
1  3  0.898767  0.1526  0.0142434  0.615268  0.059095
1  4  0.408203  0.1526  0.00697243  0.545423  0.0211022
2  0  0.601112  0.152606  0.00120897  0.641232  0.00457791
2  1  1.09605  0.1526  0.00428298  0.663831  0.0184351
2  2  0.568562  0.16495  0.00176714  0.584013  0.00506731
2  3  0.511085  0.152605  0.00164503  0.615268  0.00547696
2  4  0.213355  0.152786  0.000417232  0.545423  0.00156613
3  0  0.555853  0.152655  0.000680124  0.641242  0.00428203
3  1  1.0147  0.152602  0.00158442  0.663834  0.00631198
3  2  0.388169  0.176913  0.00090328  0.54954  0.00587666
3  3  0.471997  0.152684  0.000971397  0.615397  0.00361603
3  4  0.193391  0.152882  0.000183522  0.56562  0.000678237
4  0  2.60459  0.152618  0.000920395  0.641235  0.00264606
4  1  4.75831  0.1526  0.00122957  0.663831  0.00429049
4  2  2.73512  0.158012  0.00153795  0.652603  0.00553893
4  3  2.21677  0.152631  0.000468718  0.615272  0.00225687
4  4  0.873043  0.153343  0.000170325  0.545425  0.000728465
5  0  1.80302  0.152629  0.000907391  0.707233  0.00316591
5  1  3.31075  0.152623  0.00285148  0.728476  0.00629508
5  2  0.549965  0.188353  0.00240737  0.652602  0.00718909
5  3  1.51216  0.152826  0.000770282  0.681254  0.00376546
5  4  0.338217  0.165247  0.000322237  0.615865  0.0012105
