0  0  63.1613  0.108461  0.000832888  0.723772  0.0104546
0  1  134.48  0.115259  0.0739349  0.736592  0.299403
0  2  78.1816  0.111516  0.0883327  0.72143  0.399609
0  3  40.7341  0.099288  0.00803384  0.715033  0.044002
1  0  43.7659  0.113847  0.00542575  0.735067  0.0281545
1  1  123.718  0.11548  0.0501863  0.742655  0.474951
1  2  54.466  0.114503  0.0942293  0.737801  0.3963
1  3  22.167  0.109282  0.00630256  0.736315  0.0344244
2  0  245.409  0.0870828  0.00875217  0.802984  0.0153096
2  1  340.77  0.105991  0.000466293  0.760778  0.00814213
2  2  265.593  0.0928662  0.000195986  0.802976  0.00610363
2  3  326.292  0.0761809  9.52919e-05  0.820233  0.00389078
3  0  23.0838  0.131025  0.00108328  0.649497  0.024131
3  1  86.44  0.136126  0.00159047  0.660626  0.0262716
3  2  32.0282  0.136522  0.00118719  0.640035  0.0252561
3  3  15.192  0.125429  0.00110952  0.646851  0.0247768
4  0  5919.07  0.0889014  9.86132e-05  0.775886  0.00527188
4  1  2358.72  0.108272  0.000247234  0.783626  0.00965485
4  2  3881.04  0.0957625  8.74433e-05  0.756995  0.00463539
4  3  12740.5  0.0784527  6.8016e-05  0.750894  0.00398168
5  0  448.033  0.108639  0.000504135  0.793925  0.0160975
5  1  1096.03  0.112729  0.00059948  0.809008  0.016833
5  2  459.717  0.112875  0.000584689  0.784273  0.0184906
5  3  297.984  0.104826  0.000383781  0.757486  0.0152278
