0  0  42.4702  0.124645  0.00671059  0.670851  0.0410591
0  1  174.771  0.116625  0.00763393  0.709599  0.0496228
0  2  140.168  0.118263  0.00411314  0.700431  0.0294012
0  3  112.998  0.11984  0.00460823  0.69516  0.0318266
0  4  88.2365  0.122068  0.0108411  0.690049  0.0635932
0  5  59.5938  0.125422  0.00302869  0.675942  0.0179852
0  6  34.7324  0.130407  0.00848553  0.64386  0.0446457
0  7  17.6733  0.138547  0.00962958  0.589824  0.0379069
0  8  12.3902  0.130354  0.00527342  0.617013  0.0308766
0  9  5.30292  0.137093  0.00210485  0.571699  0.0222376
0  10  1.76111  0.151096  0.00127407  0.443587  0.0318611
0  11  0.737668  0.157406  0.00247081  0.371849  0.0552903
1  0  43.5219  0.122673  0.00569814  0.685685  0.0368151
1  1  197.583  0.112151  0.00459288  0.730366  0.0355872
1  2  149.108  0.115765  0.00444639  0.716597  0.0331255
1  3  117.667  0.117029  0.00647722  0.713639  0.046617
1  4  92.0463  0.118864  0.00725575  0.709265  0.0514436
1  5  58.7947  0.125244  0.00434186  0.679424  0.0211849
1  6  33.1171  0.1312  0.00348188  0.643887  0.0194121
1  7  23.9824  0.124044  0.0080378  0.672374  0.0407464
1  8  11.6607  0.130839  0.00270236  0.627376  0.0210556
1  9  5.17313  0.13703  0.00166843  0.576003  0.0210315
1  10  1.7903  0.147567  0.00137009  0.495543  0.0183834
1  11  0.766443  0.153366  0.00268232  0.438561  0.063551
2  0  188.529  0.142459  0.000294321  0.651428  0.00466636
2  1  942.362  0.132401  0.000581048  0.686858  0.00529751
2  2  711.579  0.134376  0.00026948  0.684569  0.00403297
2  3  550.867  0.136556  0.000348227  0.678974  0.00533729
2  4  424.506  0.13848  0.0118627  0.668361  0.0246503
2  5  301.551  0.139746  0.0130708  0.659082  0.0312491
2  6  137.989  0.149631  0.000579464  0.626231  0.00776188
2  7  60.2505  0.160519  0.000509008  0.566935  0.007831
2  8  29.6095  0.165359  0.0239225  0.520478  0.0863006
2  9  17.0548  0.160155  0.0150201  0.5071  0.0512487
2  10  8.02254  0.155482  0.0197952  0.493311  0.121958
2  11  4.03121  0.155303  0.00191397  0.470458  0.0293043
3  0  192.623  0.139543  0.000705605  0.66939  0.00915556
3  1  1092.95  0.12708  0.000567074  0.707824  0.00735928
3  2  766.117  0.130761  0.00492797  0.701636  0.0162507
3  3  577.422  0.132748  0.000683187  0.700895  0.00888965
3  4  443.057  0.135381  0.000900842  0.680615  0.00879415
3  5  249.467  0.142368  0.00097319  0.66617  0.0129237
3  6  123.893  0.150574  0.00104466  0.629111  0.0142836
3  7  59.9827  0.156752  0.00115422  0.600447  0.00925174
3  8  26.0407  0.165098  0.00165608  0.552809  0.0221241
3  9  12.0832  0.168563  0.0346068  0.496604  0.0906322
3  10  5.61515  0.163852  0.0196642  0.498428  0.0871203
3  11  1.87097  0.172306  0.0785133  0.50697  0.225646
4  0  229.903  0.124475  0.00498426  0.714264  0.00704995
4  1  2068.52  0.111701  6.70638e-05  0.752355  0.00208511
4  2  1527.99  0.113143  8.47934e-05  0.748326  0.00245285
4  3  1020.81  0.115805  0.00374887  0.740709  0.00468624
4  4  539.701  0.121627  0.00771469  0.729784  0.0101684
4  5  468.049  0.11998  0.000119346  0.718744  0.00323726
4  6  129.393  0.132667  0.00398581  0.682693  0.00671223
4  7  56.5666  0.138481  0.00624371  0.646916  0.0126875
4  8  12.4273  0.15703  0.000472491  0.577061  0.00964254
4  9  3.87534  0.167959  0.000710681  0.497303  0.00950423
4  10  0.896247  0.183961  0.0160598  0.403042  0.0433751
4  11  0.390649  0.189752  0.0063947  0.205006  0.0988257
5  0  286.229  0.117527  0.000106635  0.731537  0.0026982
5  1  2156.19  0.107756  0.000107396  0.767774  0.00364145
5  2  1348.83  0.111115  8.58504e-05  0.761976  0.00279741
5  3  1010  0.112334  5.92601e-05  0.755136  0.00188231
5  4  737.199  0.114042  0.000121946  0.745789  0.00381327
5  5  344.513  0.119915  0.00015543  0.729281  0.00347815
5  6  154.96  0.125533  0.000225097  0.695666  0.00297156
5  7  65.7858  0.131294  0.000343254  0.663089  0.00516691
5  8  8.31514  0.159557  0.00042736  0.572894  0.00712337
5  9  2.83577  0.168765  0.000429491  0.489937  0.00798228
5  10  1.97717  0.157671  0.00076966  0.484513  0.0173664
5  11  0.362486  0.182402  0.0335274  0.358152  0.051766
