0  0  0.790691  0.115273  0.0033432  0.639765  0.0180616
0  1  1.10141  0.114994  0.00455373  0.661304  0.026463
0  2  1.02381  0.111149  0.00379813  0.657266  0.0225207
0  3  0.917263  0.110055  0.00295747  0.646894  0.0169017
1  0  0.602606  0.120976  0.00373488  0.629875  0.0184406
1  1  0.728756  0.126312  0.00578359  0.622572  0.0295417
1  2  0.460442  0.13647  0.00521925  0.541673  0.0167029
1  3  0.567321  0.12258  0.0031574  0.601816  0.0134354
2  0  0.718638  0.116016  0.000899786  0.600484  0.00585116
2  1  0.527673  0.131241  0.00134863  0.563087  0.0087783
2  2  0.487684  0.126977  0.00108956  0.556879  0.0085378
2  3  0.888025  0.110857  0.000891895  0.601599  0.00612873
3  0  0.493215  0.120881  0.000350145  0.627579  0.00205057
3  1  0.581799  0.126337  0.000804634  0.61658  0.00340237
3  2  0.287516  0.135803  0.000494349  0.584473  0.00201936
3  3  0.426533  0.122376  0.000315532  0.610379  0.00122753
4  0  8.83273  0.11735  0.000971257  0.491408  0.00428468
4  1  6.01753  0.127627  0.00159926  0.487382  0.0096063
4  2  14.0434  0.113369  0.00093326  0.497136  0.00752498
4  3  12.5516  0.112373  0.000849363  0.47918  0.00391356
5  0  4.10578  0.114844  0.000933168  0.701  0.00481942
5  1  4.33187  0.119265  0.000766605  0.7148  0.00616018
5  2  1.7194  0.127991  0.000927028  0.687038  0.00418072
5  3  3.03833  0.11732  0.000716777  0.681311  0.00342895
