0  0  0.71555  0.172349  0.00131116  0.478336  0.0311637
0  1  1.19558  0.175694  0.00134866  0.487086  0.035068
0  2  0.925587  0.174697  0.00122441  0.469982  0.0322254
0  3  0.627813  0.171935  0.0012653  0.447964  0.0307384
0  4  0.681925  0.131428  0.00511399  0.618273  0.0251083
1  0  4.15976  0.104575  0.00196411  0.743553  0.0113695
1  1  7.05303  0.105687  0.00193714  0.751497  0.0107505
1  2  5.45906  0.105445  0.00199701  0.742541  0.011481
1  3  3.8147  0.103444  0.00193255  0.734366  0.0116654
1  4  1.8855  0.101197  0.0017226  0.712091  0.0114012
2  0  1.44962  0.128647  0.000412054  0.683019  0.00910547
2  1  2.43064  0.130682  0.000391122  0.692408  0.0099158
2  2  1.84365  0.1302  0.000317522  0.682076  0.00912309
2  3  1.23155  0.128682  0.000629183  0.665415  0.0094209
2  4  0.460104  0.131384  0.00134103  0.620671  0.00618953
3  0  6.98258  0.0967521  0.000726195  0.773244  0.0079119
3  1  11.9893  0.0978503  0.000462653  0.778247  0.00895913
3  2  9.02499  0.0974683  0.000567062  0.773565  0.0083676
3  3  3.93897  0.103206  0.00205834  0.7468  0.0141363
3  4  1.85092  0.100789  0.000667089  0.733159  0.00313564
4  0  7.97023  0.132851  0.000455047  0.652659  0.012817
4  1  12.8348  0.134815  0.000229317  0.67035  0.0092479
4  2  9.82831  0.134438  0.000362169  0.653372  0.00899897
4  3  6.70523  0.133076  0.000629564  0.627363  0.0105487
4  4  2.96398  0.131864  0.000878532  0.581103  0.00419335
5  0  79.2268  0.100646  0.00027799  0.746476  0.00883554
5  1  131.062  0.101612  0.000251764  0.760957  0.0101294
5  2  99.8374  0.10142  0.000279178  0.748087  0.00949131
5  3  74.625  0.0996747  0.000204828  0.729327  0.00814855
5  4  36.5555  0.0978536  0.000715896  0.698266  0.004404
