0  0  72.7112  0.0846135  0.000815794  0.821328  0.00908837
0  1  155.298  0.0902725  0.000977927  0.801202  0.00997835
0  2  76.8278  0.0879264  0.000928325  0.808782  0.0103777
0  3  22.2642  0.0986819  0.0371943  0.749719  0.139905
0  4  7.83077  0.0947925  0.00142919  0.738721  0.00917275
1  0  25.5818  0.111447  0.079412  0.726338  0.340211
1  1  55.3615  0.115122  0.200608  0.739909  0.809024
1  2  29.965  0.111812  0.0342921  0.727918  0.148302
1  3  14.8153  0.106774  0.00950735  0.722797  0.0578759
1  4  4.65278  0.106252  0.00951209  0.688192  0.0647095
2  0  97.6439  0.0921237  9.6722e-05  0.772732  0.00386517
2  1  195.03  0.0960625  0.000123465  0.771245  0.00446026
2  2  95.1767  0.0947685  0.000110559  0.768244  0.00436318
2  3  43.6887  0.0927524  9.2091e-05  0.753866  0.00379337
2  4  10.6027  0.0950775  0.000912636  0.721796  0.00442507
3  0  31.7788  0.110056  0.000942493  0.733374  0.00408544
3  1  111.518  0.105065  0.000192329  0.751252  0.00314268
3  2  42.1581  0.107916  0.000761692  0.738256  0.00356434
3  3  17.2479  0.106842  0.000766494  0.724907  0.00385944
3  4  4.85037  0.106141  0.00123396  0.704159  0.00787594
4  0  1488.01  0.0949018  0.000738687  0.749385  0.00776453
4  1  2449.81  0.098791  0.000152191  0.76382  0.00750742
4  2  1291.11  0.0976746  0.000242628  0.744379  0.00829688
4  3  459.045  0.0992735  0.00966171  0.705966  0.0315447
4  4  292.372  0.0915754  0.000234079  0.733162  0.0108087
5  0  196.704  0.112405  0.000296368  0.762232  0.0106014
5  1  835.284  0.10691  0.000296355  0.784708  0.0102732
5  2  556.636  0.103321  0.000245707  0.764088  0.00983486
5  3  250.54  0.102722  0.000205315  0.725977  0.00960328
5  4  78.441  0.102717  0.00042472  0.671514  0.00903764
