0  0  0.141027  0.631366  1.39074  0.924344  4.95288
0  1  0.142842  0.643298  2.35351  1.57996  8.21597
0  2  0.142087  0.631215  1.83113  1.2071  6.3779
0  3  0.140843  0.609313  1.22896  0.79392  4.24937
0  4  0.132887  0.599968  0.672754  0.444251  2.7063

1  0  0.103375  0.720368  4.77864  5.17844  62.712
1  1  0.104065  0.730662  8.18072  9.06279  107.602
1  2  0.104099  0.720945  6.26885  6.71873  79.7433
1  3  0.102685  0.708728  4.33483  4.58022  56.4881
1  4  0.100105  0.685894  2.18885  2.25436  29.155
