0  0  0.124415  0.719881  38.3664  377.056  228.719
0  1  0.116434  0.74548  160.138  1884.66  1379.02
0  2  0.117967  0.743013  126.515  1423.15  1018.67
0  3  0.119616  0.736988  102.684  1101.73  748.25
0  4  0.12188  0.731602  80.6371  822.237  525.795
0  5  0.125326  0.718986  54.7631  521.85  312.035
0  6  0.130285  0.698826  31.4733  275.97  148.716
0  7  0.138622  0.665159  15.8098  120.5  54.5428
0  8  0.142771  0.635563  8.30555  58.6438  24.8545
0  9  0.151372  0.586182  3.53663  22.1319  7.74992
0  10  0.165  0.513021  1.17414  6.22404  1.78981
0  11  0.17632  0.41  0.491786  2.68768  0.564606

1  0  0.122732  0.722189  40.5547  385.236  190.822
1  1  0.112176  0.756268  185.698  2185.89  1437.46
1  2  0.115794  0.746546  139.451  1524.85  899.219
1  3  0.117143  0.743432  110.65  1154.83  673.337
1  4  0.118983  0.73581  87.4355  885.981  491.466
1  5  0.125336  0.716838  54.9522  498.921  229.683
1  6  0.131322  0.693012  30.5716  247.786  103.319
1  7  0.137437  0.663049  16.1943  119.941  43.8618
1  8  0.144911  0.626232  7.78236  52.0808  16.6299
1  9  0.152104  0.575881  3.44918  20.8243  5.67138
1  10  0.165  0.503835  1.1937  5.99777  1.31812
1  11  0.174506  0.41  0.510964  2.72384  0.5
