0  0  0.0968888  0.754417  51.2506  71.4589  1161.84
0  1  0.0997858  0.758155  115.938  155.23  2197.09
0  2  0.0996396  0.748976  54.6198  70.4161  1024.77
0  3  0.0977818  0.730895  25.0989  31.7066  517.483
0  4  0.0928416  0.719588  9.43167  12.6374  257.5

1  0  0.104147  0.754574  31.9171  42.9979  435.273
1  1  0.10936  0.753466  67.2118  84.5857  690.316
1  2  0.105598  0.750248  36.3222  46.8078  453.951
1  3  0.105143  0.729493  15.5928  18.8155  195.198
1  4  0.103227  0.701158  5.14705  5.86545  70.0954
