15
 0.55   2.84694  0.00155958  0.483142 
 0.65   2.18719  0.00115031  0.371179 
 0.75   1.75817  0.000922913  0.298371 
 0.85   1.35833  0.000754647  0.230517 
 0.95   0.926036  0.000557785  0.157154 
 1.05   0.702665  0.000461827  0.119246 
 1.15   0.47559  0.000340119  0.0672586 
 1.25   0.369062  0.000289582  0.0521932 
 1.35   0.257913  0.00022102  0.0364744 
 1.45   0.192111  0.00018093  0.0271687 
 1.55   0.142479  0.000146824  0.0201496 
 1.65   0.107255  0.000119847  0.0151681 
 1.75   0.0806615  9.80318e-05  0.0114073 
 1.85   0.0592796  8.03993e-05  0.0083834 
 1.95   0.0442514  6.82018e-05  0.00625809
 
0.55  14.3136 0.00995213 2.42909 
 0.65  10.8352 0.0072864 1.8388 
 0.75  8.65416 0.00582729 1.46866 
 0.85  6.67393 0.00476053 1.1326 
 0.95  4.54416 0.00351644 0.77117 
 1.05  3.45048 0.00291252 0.585566 
 1.15  2.33617 0.00214531 0.330385 
 1.25  1.81197 0.00182609 0.256251 
 1.35  1.27192 0.00139685 0.179876 
 1.45  0.948757 0.00114429 0.134174 
 1.55  0.702658 0.000927933 0.0993709 
 1.65  0.525795 0.00075518 0.0743587 
 1.75  0.368241 0.000596106 0.0520772 
 1.85  0.252585 0.00047231 0.0357208 
 1.95  0.182211 0.000393861 0.0257685 
 
0.55  4.71103 0.00496498 0.799487 
 0.65  3.72054 0.00371292 0.631396 
 0.75  3.03275 0.00299978 0.514675 
 0.85  2.36086 0.00246216 0.400651 
 0.95  1.61966 0.0018256 0.274865 
 1.05  1.23019 0.00151228 0.20877 
 1.15  0.835954 0.00111595 0.118222 
 1.25  0.650764 0.000951646 0.092032 
 1.35  0.453056 0.000724958 0.0640718 
 1.45  0.335625 0.000591838 0.0474645 
 1.55  0.248477 0.00047985 0.03514 
 1.65  0.187649 0.000392313 0.0265375 
 1.75  0.139418 0.000318959 0.0197167 
 1.85  0.0981866 0.000256075 0.0138857 
 1.95  0.07271 0.000216357 0.0102827 
 
0.55  1.37722 0.00251498 0.233722 
 0.65  1.0794 0.0018736 0.18318 
 0.75  0.871665 0.00150668 0.147927 
 0.85  0.669558 0.00122843 0.113628 
 0.95  0.453956 0.000905471 0.0770388 
 1.05  0.343047 0.000748165 0.0582171 
 1.15  0.230117 0.000548535 0.0325435 
 1.25  0.177306 0.000465371 0.0250748 
 1.35  0.122112 0.000352606 0.0172692 
 1.45  0.0912877 0.000289172 0.01291 
 1.55  0.0683913 0.00023585 0.00967199 
 1.65  -0.719893 -nan -0.101808 
 1.75  -0.640469 -nan -0.090576 
 1.85  -0.586179 -nan -0.0828982 
 1.95  -0.56506 -nan -0.0799116 
 
0.55  0.408438 0.00132017 0.0693141 
 0.65  0.280157 0.000920067 0.0475442 
 0.75  0.214983 0.00072124 0.0364838 
 0.85  0.166207 0.000589946 0.0282062 
 0.95  0.111522 0.000432595 0.0189259 
 1.05  0.0816135 0.00035175 0.0138503 
 1.15  0.0533126 0.000254493 0.00753954 
 1.25  0.0405256 0.000214454 0.00573119 
 1.35  0.0282662 0.000163522 0.00399744 
 1.45  0.0217389 0.000136019 0.00307434 
 1.55  0.0169332 0.00011312 0.00239472 
 1.65  0.0150419 0.000100304 0.00212725 
 1.75  0.0098477 7.65506e-05 0.00139267 
 1.85  0.00765248 6.45577e-05 0.00108222 
 1.95  0.00695258 6.04161e-05 0.000983243 
 

