30
0.55   0.529241  0.000231675  0.0972998 
 0.65   0.652873  0.000304902  0.120029 
 0.75   0.620466  0.000300348  0.114071 
 0.85   0.549974  0.000279292  0.101112 
 0.95   0.524968  0.000279633  0.08909 
 1.05   0.418332  0.000234137  0.0709933 
 1.15   0.355041  0.000209262  0.0602525 
 1.25   0.273376  0.000171887  0.0463934 
 1.35   0.227584  0.0001538  0.0354037 
 1.45   0.171954  0.000126304  0.0267498 
 1.55   0.134233  0.00010815  0.0208818 
 1.65   0.103954  9.18395e-05  0.0176416 
 1.75   0.079051  7.75463e-05  0.0134154 
 1.85   0.0578196  6.36283e-05  0.00981231 
 1.95   0.0441531  5.4359e-05  0.00749303 
 2.05   0.0308944  4.48531e-05  0.00524295 
 2.15   0.0255079  3.74182e-05  0.00432884 
 2.25   0.0188276  3.2934e-05  0.00319515 
 2.35   0.0145188  2.8672e-05  0.00246392 
 2.45   0.0106253  2.34872e-05  0.00180317 
 2.55   0.00833862  2.04977e-05  0.00141511 
 2.65   0.0063705  1.7462e-05  0.00108111 
 2.75   0.00491557  1.49139e-05  0.0008342 
 2.85   0.00400561  1.34701e-05  0.000679774 
 2.95   0.00309827  1.15543e-05  0.000525793 
 3.1   0.00217262  6.56761e-06  0.000368705 
 3.3   0.00132228  4.94778e-06  0.000224398 
 3.5   0.000829822  3.76842e-06  0.000140826 
 3.7   0.000555758  2.99919e-06  9.43152e-05 
 3.9   0.000357463  2.25606e-06  6.06634e-05 
 
0.55  1.6558 0.00117058 0.304416 
 0.65  2.10921 0.00156549 0.387774 
 0.75  2.06568 0.00156546 0.37977 
 0.85  1.88865 0.00147845 0.347224 
 0.95  1.84927 0.00149923 0.313832 
 1.05  1.50485 0.00126854 0.255382 
 1.15  1.29509 0.00114168 0.219784 
 1.25  1.00626 0.000942025 0.170768 
 1.35  0.844258 0.000846192 0.131336 
 1.45  0.640886 0.000696543 0.0996985 
 1.55  0.502728 0.000597873 0.0782061 
 1.65  0.390908 0.000508735 0.0663393 
 1.75  0.29892 0.000430755 0.0507285 
 1.85  0.218136 0.000353038 0.037019 
 1.95  0.167475 0.00030242 0.0284215 
 2.05  0.117356 0.000249719 0.019916 
 2.15  0.0972269 0.000208681 0.0164999 
 2.25  0.0718171 0.000183741 0.0121878 
 2.35  0.0554301 0.000160034 0.0094068 
 2.45  0.040549 0.000131068 0.00688139 
 2.55  0.0319925 0.000114691 0.00542931 
 2.65  0.0244669 9.77557e-05 0.00415217 
 2.75  0.0177062 7.80267e-05 0.00300484 
 2.85  0.0143451 7.01684e-05 0.00243445 
 2.95  0.0111698 6.04312e-05 0.00189558 
 3.1  0.00794967 3.46287e-05 0.0013491 
 3.3  0.00484012 2.60954e-05 0 
 3.5  0.00307511 2.00139e-05 0 
 3.7  0.00211843 1.61548e-05 0 
 3.9  0.00150649 1.32301e-05 0 
 
0.55  0.90431 0.000754906 0.166255 
 0.65  1.07315 0.000974445 0.197296 
 0.75  0.995411 0.000948307 0.183004 
 0.85  0.859718 0.000870456 0.158057 
 0.95  0.802231 0.000861696 0.136143 
 1.05  0.628323 0.000715293 0.10663 
 1.15  0.529069 0.00063678 0.089786 
 1.25  0.405814 0.000522046 0.068869 
 1.35  0.33747 0.00046686 0.0524981 
 1.45  0.256061 0.000384208 0.0398338 
 1.55  0.19978 0.000328893 0.0310785 
 1.65  0.155239 0.000279764 0.0263449 
 1.75  0.117748 0.000235921 0.0199825 
 1.85  0.0867643 0.000194297 0.0147244 
 1.95  0.0661607 0.000165872 0.0112278 
 2.05  0.0462704 0.000136832 0.00785235 
 2.15  0.0382237 0.000114181 0.00648677 
 2.25  0.0282138 0.000100499 0.00478804 
 2.35  0.0218372 8.76545e-05 0.0037059 
 2.45  0.0158847 7.15868e-05 0.00269572 
 2.55  0.0124764 6.25007e-05 0.00211731 
 2.65  0.00953401 5.3251e-05 0.00161798 
 2.75  0.00681463 4.22414e-05 0.00115648 
 2.85  0.00547541 3.78299e-05 0.000929208 
 2.95  0.0042024 3.23463e-05 0.000713172 
 3.1  0.00287823 1.81828e-05 0.000488452 
 3.3  0.00173286 1.36256e-05 0 
 3.5  0.00107147 1.03093e-05 0 
 3.7  0.000681549 7.99612e-06 0 
 3.9  0.000448849 6.30184e-06 0 
 
0.55  0.256539 0.000374112 0.0471641 
 0.65  0.318634 0.000494043 0.0585802 
 0.75  0.292929 0.000478652 0.0538543 
 0.85  0.249719 0.000436501 0.0459102 
 0.95  0.229295 0.00042864 0.0389126 
 1.05  0.174999 0.000351238 0.0296984 
 1.15  0.143387 0.000308445 0.0243335 
 1.25  0.106773 0.000249154 0.01812 
 1.35  0.0860703 0.000219375 0.0133894 
 1.45  0.0628902 0.000177165 0.00978341 
 1.55  0.0479591 0.000149936 0.00746069 
 1.65  0.0362706 0.000125823 0.00615533 
 1.75  0.026949 0.000105015 0.0045734 
 1.85  0.0195101 8.57266e-05 0.00331098 
 1.95  0.0146413 7.2603e-05 0.00248472 
 2.05  0.0101268 5.9561e-05 0.00171857 
 2.15  0.00823777 4.932e-05 0.001398 
 2.25  0.00590322 4.27725e-05 0.00100181 
 2.35  0.00458609 3.73755e-05 0.000778285 
 2.45  0.00328428 3.02869e-05 0.00055736 
 2.55  0.00253684 2.62228e-05 0.000430516 
 2.65  0.00196852 2.25139e-05 0.000334069 
 2.75  0.00135896 1.75514e-05 0.000230623 
 2.85  0.00113522 1.60272e-05 0.000192653 
 2.95  0.00086605 1.36627e-05 0.000146974 
 3.1  0.000620928 7.85796e-06 0.000105375 
 3.3  0.000391603 6.02681e-06 0 
 3.5  0.000242077 4.55938e-06 0 
 3.7  0.000152849 3.52333e-06 0 
 3.9  9.86581e-05 2.749e-06 0 
 
0.55  0.0739728 0.000194988 0.0135997 
 0.65  0.0829214 0.000244624 0.0152449 
 0.75  0.0703724 0.000227713 0.0129378 
 0.85  0.0547654 0.000198408 0.0100685 
 0.95  0.0474616 0.000189284 0.0080545 
 1.05  0.0344862 0.00015134 0.00585251 
 1.15  0.0266757 0.00012913 0.00452701 
 1.25  0.0192412 0.000102659 0.00326534 
 1.35  0.0150617 8.90723e-05 0.00234304 
 1.45  0.0107168 7.09848e-05 0.00166715 
 1.55  0.00802309 5.95234e-05 0.0012481 
 1.65  0.00576058 4.86701e-05 0.000977602 
 1.75  0.00430943 4.07603e-05 0.000731334 
 1.85  0.00301779 3.27248e-05 0.000512136 
 1.95  0.00225584 2.76608e-05 0.000382829 
 2.05  0.00151779 2.2381e-05 0.000257577 
 2.15  0.00124431 1.8605e-05 0.000211167 
 2.25  0.000901594 1.62245e-05 0.000153006 
 2.35  0.000668625 1.38518e-05 0.000113469 
 2.45  0.000513621 1.16253e-05 8.71645e-05 
 2.55  0.000402452 1.01376e-05 6.82984e-05 
 2.65  0.000292067 8.41723e-06 4.95654e-05 
 2.75  0.000212915 6.74308e-06 3.61328e-05 
 2.85  0.000174801 6.10431e-06 2.96647e-05 
 2.95  0.000155139 5.61273e-06 2.63279e-05 
 3.1  9.20928e-05 2.9373e-06 1.56287e-05 
 3.3  5.49633e-05 2.19153e-06 0 
 3.5  3.2603e-05 1.62407e-06 0 
 3.7  2.16533e-05 1.28715e-06 0 
 3.9  1.37109e-05 9.9469e-07 0 
 

