24
 0.55   20.8878  0.00275474  3.54478 
 0.65   12.292  0.00189801  2.08603 
 0.75   7.84508  0.00141129  1.33135 
 0.85   4.8769  0.00105395  0.827637 
 0.95   3.05397  0.00079146  0.518275 
 1.05   2.17051  0.000662077  0.368348 
 1.15   1.49522  0.000526306  0.253747 
 1.25   1.00152  0.000406673  0.169964 
 1.35   0.678345  0.000315701  0.115119 
 1.45   0.488948  0.000261284  0.0829773 
 1.55   0.33949  0.000207686  0.0576133 
 1.65   0.25735  0.000179123  0.0436737 
 1.75   0.176159  0.000140192  0.0298952 
 1.85   0.126136  0.000116507  0.021406 
 1.95   0.08133  8.77799e-05  0.0138022 
 2.05   0.0530646  7.05429e-05  0.00900536 
 2.15   0.0445628  6.27939e-05  0.00756256 
 2.25   0.0270884  4.78614e-05  0.00459706 
 2.35   0.0187108  3.89251e-05  0.00317532 
 2.45   0.0131608  3.19747e-05  0.00223347 
 2.55   0.00934594  2.6413e-05  0.00158606 
 2.65   0.00677201  2.20566e-05  0.00114925 
 2.75   0.00491104  1.84394e-05  0.000833431 
 2.85   0.00357023  1.53948e-05  0.000605888 
 
0.55  63.9045 0.0114925 10.845 
 0.65  36.5657 0.00772059 6.20541 
 0.75  23.6375 0.00578809 4.01141 
 0.85  14.2662 0.00416155 2.42105 
 0.95  9.48639 0.00326089 1.60989 
 1.05  6.74318 0.002732 1.14436 
 1.15  4.63008 0.0021601 0.785751 
 1.25  3.0787 0.0016531 0.522473 
 1.35  2.09702 0.00129123 0.355876 
 1.45  1.48804 0.00105734 0.252529 
 1.55  1.0354 0.000836184 0.175713 
 1.65  0.777195 0.000718864 0.131894 
 1.75  0.542438 0.000576063 0.0920549 
 1.85  0.375222 0.000459736 0.0636773 
 1.95  0.252641 0.000353351 0.0428746 
 2.05  0.18103 0.000289288 0.0307218 
 2.15  0.133703 0.000242784 0.0226901 
 2.25  0.098794 0.000204022 0.0167659 
 2.35  0.0736983 0.000172437 0.012507 
 2.45  0.0606602 0.000158325 0.0082944 
 2.55  0.0376128 0.000133314 0.0062944  
 2.65  0.0333293 0.000134156 0.0022944  
 2.75  0.0292875 0.00013442 0.0022944  
 2.85  0.026003 0.000134946 0.00012944  
 
0.55  29.1415 0.00677473 4.94547 
 0.65  17.2431 0.00462818 2.92625 
 0.75  11.0664 0.00345721 1.87803 
 0.85  6.89244 0.00252509 1.16969 
 0.95  4.32151 0.00192128 0.733385 
 1.05  3.07083 0.0016094 0.521137 
 1.15  2.11456 0.00127432 0.358853 
 1.25  1.41488 0.000978281 0.240113 
 1.35  0.957354 0.000761599 0.162468 
 1.45  0.692045 0.000629454 0.117444 
 1.55  0.481339 0.000497693 0.0816859 
 1.65  0.364359 0.00042967 0.0618338 
 1.75  0.251405 0.00034235 0.0426649 
 1.85  0.174448 0.000273644 0.0296049 
 1.95  0.121267 0.000213705 0.0205797 
 2.05  0.0835029 0.000171512 0.0141709 
 2.15  0.0657164 0.000148585 0.0111524 
 2.25  0.0468196 0.000122607 0.00794555 
 2.35  0.0369281 0.000106554 0.0062669 
 2.45  0.0258824 9.02791e-05 0.00439239 
 2.55  0.0223182 8.96451e-05 0.004039239  
 2.65  0.020101 9.09482e-05 0.00339239  
 2.75  0.0151618 8.44279e-05 0.00239239  
 2.85  0 -0 0 
 
0.55  8.95262 0.00350944 1.51931 
 0.65  5.21011 0.00237767 0.884184 
 0.75  3.18944 0.00173463 0.541266 
 0.85  1.89298 0.00123677 0.32125 
 0.95  1.14431 0.000924001 0.194196 
 1.05  0.789926 0.000762881 0.134055 
 1.15  0.534939 0.000599026 0.0907821 
 1.25  0.355744 0.000458459 0.0603718 
 1.35  0.238628 0.000355368 0.0404966 
 1.45  0.17161 0.000292951 0.0291232 
 1.55  0.120018 0.000232266 0.0203677 
 1.65  0.0909534 0.000200635 0.0154353 
 1.75  0.0626857 0.00015977 0.0106381 
 1.85  0.046589 0.000132167 0.00790642 
 1.95  0.0319383 0.0001025 0.0054201 
 2.05  0.0222622 8.27665e-05 0.00377802 
 2.15  0.0155962 6.76511e-05 0.00264677 
 2.25  0.0118638 5.76818e-05 0.00201335 
 2.35  0.00832875 4.72941e-05 0.00141344 
 2.45  0.00610688 4.09846e-05 0.00103637 
 2.55  0.00538869 4.11685e-05 0.00083637  
 2.65  0.00433529 3.94749e-05 0.00053637 
 2.75  0.0036441 3.86841e-05 0.000253637 
 2.85  0 -0 0 
 
0.55  2.07954 0.00163468 0.35291 
 0.65  1.16569 0.00108694 0.197825 
 0.75  0.723479 0.000798452 0.122778 
 0.85  0.442705 0.000578043 0.0751295 
 0.95  0.273774 0.0004368 0.046461 
 1.05  0.19165 0.000363165 0.0325241 
 1.15  0.129875 0.000285261 0.0220405 
 1.25  0.0858722 0.000217692 0.014573 
 1.35  0.057273 0.000168259 0.00971955 
 1.45  0.0408663 0.000138163 0.00693524 
 1.55  0.0279793 0.000108385 0.00474824 
 1.65  0.021159 9.35257e-05 0.0035908 
 1.75  0.0145833 7.44773e-05 0.00247487 
 1.85  0.0104149 6.03938e-05 0.00176746 
 1.95  0.00676403 4.55889e-05 0.00114789 
 2.05  0.00449293 3.59353e-05 0.000762476 
 2.15  0.00393456 3.28397e-05 0.000667717 
 2.25  0.00243081 2.52342e-05 0.000412522 
 2.35  0.00177933 2.11267e-05 0.000301962 
 2.45  0.00137158 1.87719e-05 0.000232764 
 2.55  0.00126361 1.92671e-05 0.000132764  
 2.65  0.00114571 1.96126e-05 0.000032764 
 2.75  0.00100279 1.96123e-05 0.000032764  
 2.85  0 -0 0 
 

