15
 0.55   3.46491  0.00184692  0.637017 
 0.65   2.31244  0.00116547  0.425137 
 0.75   1.8025  0.0009203  0.331385 
 0.85   1.2745  0.000682254  0.21629 
 0.95   0.836828  0.000481898  0.142014 
 1.05   0.646617  0.00040831  0.109735 
 1.15   0.460372  0.00031883  0.0781277 
 1.25   0.338409  0.000258672  0.052644 
 1.35   0.250009  0.000211215  0.0388923 
 1.45   0.172098  0.000161496  0.0267721 
 1.55   0.134718  0.000139551  0.0228623 
 1.65   0.100461  0.00011352  0.0170488 
 1.75   0.076225  9.35897e-05  0.0129358 
 1.85   0.0647494  8.67192e-05  0.0109883 
 1.95   0.0455966  6.88465e-05  0.007738 
 
0.55  16.974 0.0116337 3.12064 
 0.65  11.2819 0.00732622 2.07414 
 0.75  8.80053 0.00578722 1.61796 
 0.85  6.22886 0.00429244 1.05707 
 0.95  4.09825 0.00303501 0.695496 
 1.05  3.16823 0.00257216 0.537667 
 1.15  2.26022 0.0020105 0.383573 
 1.25  1.66383 0.00163233 0.258831 
 1.35  1.23189 0.00133431 0.191637 
 1.45  0.848409 0.00102047 0.131981 
 1.55  0.662566 0.000880761 0.112441 
 1.65  0.491106 0.000714308 0.0833434 
 1.75  0.359115 0.000578123 0.0609439 
 1.85  0.275836 0.000509386 0.0468109 
 1.95  0.186146 0.000395882 0.03159 
 
0.55  5.90417 0.00596655 1.08547 
 0.65  3.99464 0.00379093 0.734406 
 0.75  3.1306 0.00300156 0.575553 
 0.85  2.22616 0.00223149 0.377792 
 0.95  1.46529 0.00157812 0.248668 
 1.05  1.13669 0.00133977 0.192903 
 1.15  0.809696 0.00104642 0.13741 
 1.25  0.594746 0.000848664 0.0925207 
 1.35  0.439409 0.000692981 0.068356 
 1.45  0.30158 0.000529074 0.0469148 
 1.55  0.235757 0.000456871 0.0400093 
 1.65  0.17629 0.00037216 0.0299175 
 1.75  0.133926 0.000307011 0.0227281 
 1.85  0.10732 0.000276299 0.0182128 
 1.95  0.0740598 0.000217144 0.0125684 
 
0.55  1.79164 0.00307923 0.329389 
 0.65  1.19028 0.00193868 0.21883 
 0.75  0.915994 0.00152108 0.168403 
 0.85  0.637659 0.00111889 0.108214 
 0.95  0.413023 0.000784945 0.0700923 
 1.05  0.315817 0.000661606 0.0535959 
 1.15  0.222288 0.000513663 0.0377236 
 1.25  0.162716 0.000415872 0.0253126 
 1.35  0.118771 0.000337533 0.0184764 
 1.45  0.0818934 0.000258294 0.0127396 
 1.55  0.0650888 0.000224899 0.0110459 
 1.65  0.049596 0.000184932 0.00841672 
 1.75  -0.617717 -nan -0.10483 
 1.85  -0.624347 -nan -0.105955 
 1.95  -0.558807 -nan -0.0948326 
 
0.55  0.485494 0.00154505 0.089257 
 0.65  0.295543 0.000931159 0.0543349 
 0.75  0.219249 0.000717312 0.0403084 
 0.85  0.156128 0.00053366 0.0264958 
 0.95  0.100222 0.000372705 0.0170082 
 1.05  0.0767815 0.000314443 0.0130302 
 1.15  0.0525537 0.000240743 0.00891866 
 1.25  0.0381989 0.000194224 0.00594236 
 1.35  0.027816 0.000157449 0.00432715 
 1.45  0.0189023 0.000119613 0.00294051 
 1.55  0.015489 0.00010575 0.00262857 
 1.65  0.0106514 8.26085e-05 0.0018076 
 1.75  0.00808429 6.81158e-05 0.00137195 
 1.85  0.00644125 6.11266e-05 0.00109312 
 1.95  0.00480977 4.99718e-05 0.000816246 
 

