24
0.55 1.22674 0.00038921 0.180427
0.65 0.729522 0.000278188 0.107297
0.75 0.456754 0.000206488 0.0671785
0.85 0.289469 0.000155599 0.0425746
0.95 0.190521 0.000120332 0.0280215
1.05 0.126255 9.39056e-05 0.0183908
1.15 0.0867717 7.49766e-05 0.0126395
1.25 0.0605251 6.05425e-05 0.00881634
1.35 0.0428661 4.94241e-05 0.00624405
1.45 0.0306849 4.06796e-05 0.00446969
1.55 0.0222458 3.37794e-05 0.00308311
1.65 0.0163236 2.82818e-05 0.00226234
1.75 0.0122447 2.39879e-05 0.00169703
1.85 0.00919231 2.03902e-05 0.00127399
1.95 0.00708195 1.75861e-05 0.000981508
2.05 0.00469469 1.3884e-05 0.000577618
2.15 0.00317343 1.1262e-05 0.000390448
2.25 0.00239913 9.67196e-06 0.000295181
2.35 0.00183052 8.35374e-06 0.000225221
2.45 0.00139337 7.21393e-06 0.000212817
2.55 0.00108379 6.38882e-06 0.000165532
2.65 0.000855303 5.6796e-06 0.000130635
2.75 0.000693905 5.21365e-06 0.000105984
2.85 0.000486723 4.11827e-06 7.43396e-05

0.55 2.19999 0.00107908 0.323571
0.65 1.3216 0.000775186 0.194379
0.75 0.836906 0.000578666 0.123091
0.85 0.535662 0.000438214 0.0787842
0.95 0.355782 0.000340438 0.0523277
1.05 0.237651 0.00026673 0.0346171
1.15 0.164402 0.000213662 0.0239475
1.25 0.115469 0.000173126 0.0168197
1.35 0.081955 0.000141483 0.0119379
1.45 0.0590261 0.000116808 0.00859798
1.55 0.0429898 9.72178e-05 0.00595809
1.65 0.0316937 8.15868e-05 0.00439253
1.75 0.0238253 6.92745e-05 0.00330202
1.85 0.0178963 5.89015e-05 0.0024803
1.95 0.0138509 5.09176e-05 0.00191964
2.05 0.00921954 4.02811e-05 0.00113434
2.15 0.00624559 3.27093e-05 0.000768435
2.25 0.00473269 2.8124e-05 0.000582294
2.35 0.00366201 2.44618e-05 0.000450561
2.45 0.0027925 2.11432e-05 0.000426513
2.55 0.00219408 1.88196e-05 0.000335113
2.65 0.00171385 1.66448e-05 0.000261765
2.75 0.00139879 1.53251e-05 0.000213644
2.85 0.000995148 1.21914e-05 0.000151994

0.55 1.65759 0.000961797 0.243796
0.65 0.989706 0.000688827 0.145564
0.75 0.621206 0.000511929 0.0913659
0.85 0.394362 0.000386092 0.0580021
0.95 0.260063 0.000298874 0.0382496
1.05 0.172774 0.000233531 0.0251669
1.15 0.118924 0.000186599 0.0173229
1.25 0.0830057 0.000150725 0.0120909
1.35 0.0590869 0.000123357 0.00860683
1.45 0.0421658 0.000101375 0.00614203
1.55 0.0306027 8.42257e-05 0.00424132
1.65 0.0224727 7.05445e-05 0.00311456
1.75 0.0168867 5.98865e-05 0.00234038
1.85 0.0127364 5.10234e-05 0.00176517
1.95 0.00980018 4.39793e-05 0.00135824
2.05 0.00650167 3.47346e-05 0.000799944
2.15 0.00439275 2.81679e-05 0.000540468
2.25 0.00333844 2.42547e-05 0.00041075
2.35 0.00251183 2.0803e-05 0.000309047
2.45 0.00193132 1.80552e-05 0.00029498
2.55 0.00148078 1.58757e-05 0.000226168
2.65 0.00118734 1.4226e-05 0.000181348
2.75 0.000950144 1.29695e-05 0.00014512
2.85 0.00066645 1.02446e-05 0.00010179

0.55 1.05911 0.000772798 0.155772
0.65 0.622512 0.000549137 0.0915579
0.75 0.384941 0.000405078 0.0566165
0.85 0.241321 0.000303592 0.0354931
0.95 0.157305 0.000233652 0.0231361
1.05 0.102869 0.000181133 0.0149843
1.15 0.07004 0.000143945 0.0102023
1.25 0.0484514 0.000115753 0.00705762
1.35 0.0341207 9.42277e-05 0.00497016
1.45 0.0243547 7.74449e-05 0.0035476
1.55 0.0175391 6.40942e-05 0.00243079
1.65 0.0127822 5.34796e-05 0.00177152
1.75 0.00953086 4.52243e-05 0.00132091
1.85 0.00712402 3.83583e-05 0.000987339
1.95 0.00546861 3.30232e-05 0.000757911
2.05 0.00358741 2.59352e-05 0.000441383
2.15 0.00241489 2.09935e-05 0.00029712
2.25 0.00180083 1.79065e-05 0.000221568
2.35 0.00137284 1.54593e-05 0.000168909
2.45 0.00103882 1.33105e-05 0.000158664
2.55 0.000809328 1.17977e-05 0.000123613
2.65 0.000635673 1.04631e-05 9.70896e-05
2.75 0.000516422 9.61128e-06 7.88757e-05
2.85 0.000357063 7.5376e-06 5.4536e-05

0.55 0.45954 0.000435543 0.0675883
0.65 0.262376 0.000305031 0.0385897
0.75 0.157731 0.000221858 0.0231988
0.85 0.0963934 0.000164169 0.0141774
0.95 0.0610716 0.000124564 0.00898231
1.05 0.0393318 9.583e-05 0.00572922
1.15 0.0264482 7.56827e-05 0.00385255
1.25 0.0179744 6.03228e-05 0.00261822
1.35 0.0124766 4.8752e-05 0.00181739
1.45 0.00875379 3.9726e-05 0.00127511
1.55 0.0062028 3.26124e-05 0.000859664
1.65 0.00450719 2.71715e-05 0.000624664
1.75 0.00335083 2.29434e-05 0.000464402
1.85 0.00248099 1.9368e-05 0.000343848
1.95 0.00187505 1.65448e-05 0.000259868
2.05 0.00123549 1.30225e-05 0.00015201
2.15 0.00082688 1.05107e-05 0.000101736
2.25 0.000618493 8.97877e-06 7.60973e-05
2.35 0.0004593 7.65075e-06 5.65107e-05
2.45 0.000335981 6.47675e-06 5.1316e-05
2.55 0.000258722 5.70726e-06 3.9516e-05
2.65 0.00020765 5.11665e-06 3.17155e-05
2.75 0.000168926 4.70329e-06 2.5801e-05
2.85 0.000112641 3.6223e-06 1.72043e-05


