23
0.55 0.0394846 6.01119e-05 0.00474637
0.65 0.0393644 5.58125e-05 0.00473192
0.75 0.0374428 5.27506e-05 0.00450093
0.85 0.0330989 4.80707e-05 0.00397875
0.95 0.0278391 4.26761e-05 0.00334648
1.05 0.0226853 3.72429e-05 0.00291945
1.15 0.0179413 3.19875e-05 0.00230893
1.25 0.013753 2.70316e-05 0.00176992
1.35 0.0104661 2.27548e-05 0.00134692
1.45 0.00784141 1.90066e-05 0.00100914
1.55 0.0058176 1.58031e-05 0.000781596
1.65 0.0043065 1.31318e-05 0.000578579
1.75 0.00319579 1.09336e-05 0.000429356
1.85 0.00236547 9.0998e-06 0.000317802
1.95 0.00176322 7.60817e-06 0.00023689
2.1 0.00114375 4.13992e-06 0.000153663
2.3 0.000657648 2.96188e-06 8.83552e-05
2.5 0.000377994 2.13435e-06 5.07836e-05
2.7 0.000227648 1.58469e-06 3.05846e-05
2.9 0.000132323 1.08675e-06 1.77776e-05
3.2 7.64691e-05 5.90343e-07 1.09225e-05
3.6 2.93861e-05 3.47912e-07 4.19738e-06
4 1.13159e-05 2.05435e-07 1.61632e-06

0.55 0.0682599 0.000163631 0.0082054
0.65 0.0691075 0.000153101 0.00830729
0.75 0.0669549 0.000146039 0.00804852
0.85 0.0604424 0.000134487 0.00726567
0.95 0.0514881 0.000120156 0.00618928
1.05 0.0426876 0.000105769 0.00549362
1.15 0.0341208 9.13269e-05 0.00439113
1.25 0.0266398 7.78884e-05 0.00342836
1.35 0.020462 6.58701e-05 0.00263332
1.45 0.0154586 5.52496e-05 0.00198943
1.55 0.0115569 4.61132e-05 0.00155267
1.65 0.00864352 3.85162e-05 0.00116126
1.75 0.00647562 3.22218e-05 0.000870002
1.85 0.00481578 2.68807e-05 0.000647002
1.95 0.00360385 2.25188e-05 0.000484178
2.1 0.00233779 1.22537e-05 0.000314082
2.3 0.00136028 8.81952e-06 0.000182754
2.5 0.000790712 6.39154e-06 0.000106232
2.7 0.000476887 4.74803e-06 6.40699e-05
2.9 0.000275077 3.24386e-06 3.69567e-05
3.2 0.00015716 1.75207e-06 2.24481e-05
3.6 5.97904e-05 1.02745e-06 8.5402e-06
4 2.24933e-05 5.9761e-07 3.21284e-06

0.55 0.0535762 0.000148857 0.0064403
0.65 0.0535715 0.000138415 0.00643973
0.75 0.0510008 0.000130879 0.00613071
0.85 0.0452385 0.000119472 0.00543803
0.95 0.038214 0.000106293 0.00459363
1.05 0.0312566 9.2935e-05 0.00402251
1.15 0.0246616 7.97262e-05 0.00317378
1.25 0.0189235 6.74077e-05 0.00243532
1.35 0.0143713 5.66845e-05 0.00184949
1.45 0.0107721 4.73583e-05 0.0013863
1.55 0.0080303 3.94706e-05 0.00107887
1.65 0.0059408 3.27886e-05 0.000798148
1.75 0.00441008 2.73045e-05 0.000592496
1.85 0.00325981 2.27094e-05 0.000437957
1.95 0.00243954 1.90247e-05 0.000327753
2.1 0.00159454 1.03912e-05 0.000214227
2.3 0.000915617 7.43023e-06 0.000123013
2.5 0.000532904 5.38522e-06 7.15958e-05
2.7 0.000317101 3.97538e-06 4.26026e-05
2.9 0.000183653 2.72225e-06 2.46739e-05
3.2 0.000107365 1.48693e-06 1.53355e-05
3.6 4.12182e-05 8.75118e-07 5.88742e-06
4 1.56472e-05 5.13734e-07 2.23498e-06

0.55 0.0354739 0.000121755 0.00426425
0.65 0.034977 0.000112424 0.00420452
0.75 0.0325478 0.000105097 0.00391251
0.85 0.0281385 9.47134e-05 0.00338248
0.95 0.0231945 8.32408e-05 0.00278817
1.05 0.0184937 7.18572e-05 0.00238002
1.15 0.0145291 6.1512e-05 0.0018698
1.25 0.0107828 5.11476e-05 0.00138768
1.35 0.00818919 4.30117e-05 0.0010539
1.45 0.0060758 3.57518e-05 0.000781916
1.55 0.00442197 2.94419e-05 0.000594093
1.65 0.00322588 2.4287e-05 0.000433398
1.75 0.00236867 2.01147e-05 0.000318232
1.85 0.00172833 1.66216e-05 0.000232201
1.95 0.00127812 1.3842e-05 0.000171716
2.1 0.000830023 7.53629e-06 0.000111514
2.3 0.00046555 5.32419e-06 6.25468e-05
2.5 0.000256144 3.7561e-06 3.4413e-05
2.7 0.000153572 2.78292e-06 2.06325e-05
2.9 9.36587e-05 1.95326e-06 1.25831e-05
3.2 5.523e-05 1.07188e-06 7.88881e-06
3.6 2.16981e-05 6.40458e-07 3.09925e-06
4 8.7977e-06 3.89265e-07 1.25662e-06

0.55 0.0157222 6.9353e-05 0.00188993
0.65 0.0148214 6.26161e-05 0.00178165
0.75 0.0134475 5.77998e-05 0.0016165
0.85 0.0111317 5.09703e-05 0.00133812
0.95 0.00891923 4.41654e-05 0.00107216
1.05 0.00684697 3.74095e-05 0.00088116
1.15 0.00521116 3.15197e-05 0.000670642
1.25 0.00384544 2.61341e-05 0.000494883
1.35 0.00277061 2.14057e-05 0.000356559
1.45 0.00199855 1.7544e-05 0.0002572
1.55 0.00143963 1.43734e-05 0.000193415
1.65 0.0010342 1.1766e-05 0.000138945
1.75 0.000727521 9.53803e-06 9.77426e-05
1.85 0.000540878 7.9558e-06 7.26671e-05
1.95 0.000391233 6.55249e-06 5.25623e-05
2.1 0.000242859 3.48775e-06 3.26281e-05
2.3 0.000134657 2.44855e-06 1.80912e-05
2.5 7.30302e-05 1.71554e-06 9.81163e-06
2.7 4.67869e-05 1.31376e-06 6.28583e-06
2.9 2.63613e-05 8.86952e-07 3.54165e-06
3.2 1.52459e-05 4.8302e-07 2.17766e-06
3.6 5.92961e-06 2.84708e-07 8.46959e-07
4 2.66709e-06 1.82403e-07 3.80955e-07


