23
0.55 0.0597925 5.74244e-05 0.00794858
0.65 0.0603129 6.14089e-05 0.00801776
0.75 0.0551899 5.91166e-05 0.00733673
0.85 0.0460459 5.31582e-05 0.00612115
0.95 0.0365937 4.61896e-05 0.00486462
1.05 0.0285579 3.95826e-05 0.00403869
1.15 0.0224006 3.39322e-05 0.00316792
1.25 0.0173295 2.88628e-05 0.00245076
1.35 0.0130997 2.42654e-05 0.00185258
1.45 0.00986118 2.0364e-05 0.00139458
1.55 0.00734007 1.70032e-05 0.00103804
1.65 0.00554365 1.43107e-05 0.00078399
1.75 0.00416888 1.2028e-05 0.000589568
1.85 0.0031073 1.00729e-05 0.000439439
1.95 0.00231118 8.43391e-06 0.000326851
2.1 0.00152625 4.64475e-06 0.000205052
2.3 0.000880041 3.33622e-06 0.000118234
2.5 0.000521231 2.44159e-06 7.00276e-05
2.7 0.000317622 1.81865e-06 4.26726e-05
2.9 0.000211166 1.42169e-06 2.83703e-05
3.2 0.000109014 6.6785e-07 1.40294e-05
3.6 4.57976e-05 4.05764e-07 5.89385e-06
4 1.97752e-05 2.48766e-07 2.54494e-06

0.55 0.104955 0.000157511 0.0139523
0.65 0.106982 0.000169324 0.0142218
0.75 0.0995078 0.00016434 0.0132282
0.85 0.0841739 0.000148799 0.0111897
0.95 0.0680504 0.000130404 0.00904636
1.05 0.0538581 0.000112539 0.00761668
1.15 0.0427909 9.70942e-05 0.00605155
1.25 0.0335188 8.31046e-05 0.00474027
1.35 0.0257603 7.04478e-05 0.00364306
1.45 0.0195207 5.93174e-05 0.00276065
1.55 0.0146311 4.96998e-05 0.00206915
1.65 0.0111681 4.20522e-05 0.0015794
1.75 0.00844358 3.54391e-05 0.0011941
1.85 0.0063246 2.9752e-05 0.000894433
1.95 0.0047149 2.49392e-05 0.000666788
2.1 0.00313067 1.37721e-05 0.000420606
2.3 0.00182193 9.93744e-06 0.000244777
2.5 0.001084 7.29197e-06 0.000145636
2.7 0.000663367 5.44175e-06 8.91236e-05
2.9 0.000441261 4.25491e-06 5.92836e-05
3.2 0.000222613 1.97626e-06 2.86489e-05
3.6 9.46026e-05 1.20711e-06 1.21747e-05
4 3.97833e-05 7.29701e-07 5.11985e-06

0.55 0.0810085 0.000142094 0.0107689
0.65 0.0818698 0.000152099 0.0108834
0.75 0.075166 0.000146666 0.00999228
0.85 0.0629316 0.000132113 0.00836588
0.95 0.0500328 0.000114817 0.00665116
1.05 0.0391699 9.85497e-05 0.00553946
1.15 0.0308527 8.46576e-05 0.00436323
1.25 0.0238172 7.19331e-05 0.00336827
1.35 0.0179697 6.04177e-05 0.00254129
1.45 0.0135984 5.0837e-05 0.0019231
1.55 0.010044 4.22836e-05 0.00142044
1.65 0.00761454 3.56552e-05 0.00107686
1.75 0.00571224 2.99312e-05 0.000807832
1.85 0.0042849 2.51462e-05 0.000605977
1.95 0.00320173 2.11029e-05 0.000452793
2.1 0.00212177 1.16423e-05 0.000285061
2.3 0.00121565 8.33616e-06 0.000163322
2.5 0.000720166 6.09838e-06 9.67545e-05
2.7 0.000441242 4.55638e-06 5.9281e-05
2.9 0.000293581 3.56289e-06 3.94427e-05
3.2 0.00015192 1.67544e-06 1.95512e-05
3.6 6.35909e-05 1.01632e-06 8.18373e-06
4 2.69984e-05 6.17183e-07 3.47451e-06

0.55 0.0528486 0.000115366 0.00702548
0.65 0.0528854 0.00012288 0.00703038
0.75 0.0475138 0.000117213 0.00631629
0.85 0.0389237 0.000104441 0.00517436
0.95 0.0304032 8.9968e-05 0.00404168
1.05 0.0233408 7.64693e-05 0.00330089
1.15 0.0179777 6.49586e-05 0.00254243
1.25 0.013671 5.47814e-05 0.00193337
1.35 0.0101547 4.56538e-05 0.00143608
1.45 0.00754855 3.80731e-05 0.00106753
1.55 0.00559619 3.17259e-05 0.00079142
1.65 0.00414248 2.64351e-05 0.000585834
1.75 0.00309362 2.21414e-05 0.000437503
1.85 0.00229568 1.85015e-05 0.000324659
1.95 0.0016824 1.53767e-05 0.000237927
2.1 0.00110296 8.43743e-06 0.000148183
2.3 0.000628181 6.02392e-06 8.43963e-05
2.5 0.000367668 4.38143e-06 4.93963e-05
2.7 0.000221392 3.24386e-06 2.9744e-05
2.9 0.000147534 2.53961e-06 1.98212e-05
3.2 7.85178e-05 1.21152e-06 1.01047e-05
3.6 3.21063e-05 7.2669e-07 4.13188e-06
4 1.50488e-05 4.64884e-07 1.93668e-06

0.55 0.0232196 6.54277e-05 0.00308672
0.65 0.0224482 6.84981e-05 0.00298417
0.75 0.0194919 6.42345e-05 0.00259117
0.85 0.0155187 5.6424e-05 0.00206299
0.95 0.0116872 4.77264e-05 0.00155365
1.05 0.00861025 3.97385e-05 0.00121767
1.15 0.00642732 3.32322e-05 0.00090896
1.25 0.00481328 2.78117e-05 0.000680701
1.35 0.00342077 2.26715e-05 0.00048377
1.45 0.00247532 1.86542e-05 0.000350063
1.55 0.00182033 1.54817e-05 0.000257434
1.65 0.00132894 1.28109e-05 0.00018794
1.75 0.0009819 1.06728e-05 0.000138862
1.85 0.000692822 8.69636e-06 9.79799e-05
1.95 0.000511127 7.25167e-06 7.22843e-05
2.1 0.000322669 3.90458e-06 4.33507e-05
2.3 0.000182585 2.77819e-06 2.45303e-05
2.5 0.000107873 2.03053e-06 1.44927e-05
2.7 6.38836e-05 1.49183e-06 8.58277e-06
2.9 4.10895e-05 1.14707e-06 5.52038e-06
3.2 2.39114e-05 5.71494e-07 3.07724e-06
3.6 1.01014e-05 3.48802e-07 1.29998e-06
4 4.75937e-06 2.24042e-07 6.125e-07


