24
0.55 8.92759 0.00058509 1.26255
0.65 5.73742 0.00043182 0.811394
0.75 3.38229 0.000296936 0.478328
0.85 2.29907 0.000235065 0.325138
0.95 1.61501 0.000193566 0.228396
1.05 1.05831 0.000148678 0.134701
1.15 0.697231 0.000113596 0.088743
1.25 0.496611 9.35822e-05 0.0632083
1.35 0.349438 7.61727e-05 0.0444762
1.45 0.239965 6.04474e-05 0.0305425
1.55 0.176718 5.12629e-05 0.0224926
1.65 0.126957 4.21056e-05 0.0161589
1.75 0.0949633 3.59439e-05 0.0120869
1.85 0.0684441 2.95136e-05 0.00871151
1.95 0.0504799 2.4598e-05 0.00642505
2.05 0.03626 1.9906e-05 0.00615352
2.15 0.0267269 1.6664e-05 0.0045357
2.25 0.0203922 1.46377e-05 0.00346066
2.35 0.0144822 1.1989e-05 0.00245771
2.45 0.010871 1.03512e-05 0.00184487
2.55 0.00798391 8.73746e-06 0.00135491
2.65 0.00577106 7.22275e-06 0.000979381
2.75 0.0050401 7.19481e-06 0.000855333
2.85 0.00369788 6.0288e-06 0.000627551

0.55 23.1743 0.00207286 3.27734
0.65 14.9904 0.00153484 2.11996
0.75 8.91037 0.00105978 1.26012
0.85 6.09583 0.000841669 0.862081
0.95 4.30171 0.000694664 0.608353
1.05 2.82449 0.000534098 0.359498
1.15 1.86305 0.000408318 0.237127
1.25 1.32729 0.000336419 0.168936
1.35 0.934258 0.00027388 0.118912
1.45 0.641397 0.00021731 0.0816365
1.55 0.471722 0.00018417 0.0600405
1.65 0.338237 0.000151124 0.0430505
1.75 0.252627 0.000128914 0.0321541
1.85 0.181843 0.000105783 0.0231449
1.95 0.134149 8.81753e-05 0.0170744
2.05 0.0964454 7.13878e-05 0.0163673
2.15 0.0713664 5.98775e-05 0.0121113
2.25 0.0549565 5.28399e-05 0.00932643
2.35 0.0393639 4.34637e-05 0.00668027
2.45 0.0299253 3.7765e-05 0.0050785
2.55 0.0221916 3.2032e-05 0.00376604
2.65 0.0162086 2.66171e-05 0.0027507
2.75 0.0143031 2.66518e-05 0.00242731
2.85 0.0106158 2.24617e-05 0.00180156

0.55 10.6622 0.0012895 1.50786
0.65 6.86224 0.000952402 0.970467
0.75 4.04636 0.000654986 0.572242
0.85 2.75103 0.000518565 0.389055
0.95 1.93228 0.000426993 0.273265
1.05 1.268 0.000328203 0.16139
1.15 0.836488 0.000250927 0.106467
1.25 0.596604 0.000206858 0.0759353
1.35 0.420356 0.000168487 0.0535027
1.45 0.28902 0.000133786 0.0367862
1.55 0.213166 0.000113544 0.0271316
1.65 0.153523 9.33774e-05 0.0195403
1.75 0.114971 7.97599e-05 0.0146334
1.85 0.0829649 6.55307e-05 0.0105597
1.95 0.0611993 5.46207e-05 0.0077894
2.05 0.0438782 4.4161e-05 0.00744638
2.15 0.0324257 3.70163e-05 0.00550283
2.25 0.0247475 3.25199e-05 0.00419979
2.35 0.0176317 2.66782e-05 0.0029922
2.45 0.0132017 2.30047e-05 0.0022404
2.55 0.0097046 1.94272e-05 0.00164693
2.65 0.00699041 1.60313e-05 0.00118631
2.75 0.00608293 1.59404e-05 0.00103231
2.85 0.00444261 1.33265e-05 0.000753935

0.55 4.32809 0.000788264 0.612084
0.65 2.73722 0.000577122 0.387101
0.75 1.58131 0.000392856 0.223631
0.85 1.05613 0.000308277 0.14936
0.95 0.733466 0.000252407 0.103728
1.05 0.477531 0.000193245 0.0607797
1.15 0.313178 0.000147312 0.0398611
1.25 0.222724 0.000121266 0.0283482
1.35 0.156351 9.85901e-05 0.0199003
1.45 0.107321 7.82194e-05 0.0136597
1.55 0.0792027 6.64051e-05 0.0100809
1.65 0.0570377 5.46086e-05 0.00725971
1.75 0.0428308 4.67083e-05 0.00545147
1.85 0.0309597 3.8408e-05 0.00394053
1.95 0.0228015 3.19883e-05 0.00290216
2.05 0.0163735 2.58828e-05 0.00277868
2.15 0.0119033 2.15183e-05 0.00202006
2.25 -8.82188e+07 0 -1.49712e+07
2.35 -6.08493e+07 0 -1.03265e+07
2.45 -4.39894e+07 0 -7.46525e+06
2.55 -3.10632e+07 0 -5.27161e+06
2.65 -2.18009e+07 0 -3.69973e+06
2.75 -1.8327e+07 0 -3.11019e+06
2.85 -1.28163e+07 0 -2.17499e+06

0.55 1.25948 0.000412601 0.178117
0.65 0.771537 0.000297305 0.109112
0.75 0.430986 0.000199007 0.0609506
0.85 0.281589 0.000154454 0.0398227
0.95 0.191618 0.000125181 0.0270989
1.05 0.122876 9.51158e-05 0.0156396
1.15 0.0797099 7.21125e-05 0.0101454
1.25 0.0561619 5.90861e-05 0.00714824
1.35 0.0391559 4.78732e-05 0.00498374
1.45 0.0267478 3.78902e-05 0.00340444
1.55 0.0197155 3.21475e-05 0.00250938
1.65 0.0141824 2.6422e-05 0.00180513
1.75 0.0106066 2.25535e-05 0.00134999
1.85 0.00764431 1.85184e-05 0.000972961
1.95 0.00563574 1.54311e-05 0.000717313
2.05 0.00406118 1.25077e-05 0.000689206
2.15 0.00287449 1.02604e-05 0.000487817
2.25 -2.06379e+07 0 -3.50237e+06
2.35 -1.34251e+07 0 -2.27831e+06
2.45 -9.20428e+06 0 -1.56202e+06
2.55 -6.29637e+06 0 -1.06853e+06
2.65 -4.15482e+06 0 -705097
2.75 -3.41623e+06 0 -579753
2.85 -2.38892e+06 0 -405413

