19
0.55 0.345882 8.94665e-05 0.0538066
0.65 0.368467 9.78235e-05 0.0573201
0.75 0.373466 9.98811e-05 0.0580977
0.85 0.3061 8.43492e-05 0.047618
0.95 0.255317 7.2672e-05 0.0397179
1.05 0.20875 6.20744e-05 0.0324739
1.15 0.176597 5.48569e-05 0.0274721
1.25 0.140778 4.63204e-05 0.0219
1.35 0.116552 4.1337e-05 0.0181313
1.45 0.0890513 3.4326e-05 0.0138531
1.55 0.0693225 2.93804e-05 0.0107841
1.65 0.0532723 2.4892e-05 0.00828723
1.75 0.040733 2.10751e-05 0.00633657
1.85 0.03005 1.74168e-05 0.00467468
1.95 0.0228367 1.48494e-05 0.00355256
2.1 0.0152405 8.27062e-06 0.00237086
2.3 0.00860137 5.92993e-06 0.00133806
2.5 0.00512398 4.36669e-06 0.000797105
2.7 0.00307304 3.23773e-06 0.000478052

0.55 0.838425 0.000307171 0.130428
0.65 0.901476 0.000337421 0.140237
0.75 0.931021 0.000347768 0.144833
0.85 0.779149 0.000296764 0.121207
0.95 0.663338 0.000258313 0.103191
1.05 0.551618 0.00022252 0.0858116
1.15 0.473658 0.000198118 0.073684
1.25 0.382516 0.000168376 0.0595056
1.35 0.320455 0.000151152 0.0498512
1.45 0.247056 0.000126082 0.038433
1.55 0.193643 0.000108286 0.0301238
1.65 0.149795 9.2047e-05 0.0233027
1.75 0.115071 7.81144e-05 0.0179009
1.85 0.0851222 6.46426e-05 0.0132419
1.95 0.0648982 5.52027e-05 0.0100958
2.1 0.0433839 3.07721e-05 0.00674894
2.3 0.0244746 2.20579e-05 0.00380736
2.5 0.0144461 1.61673e-05 0.00224729
2.7 0.00858213 1.19314e-05 0.00133507

0.55 0.412451 0.000197027 0.0641623
0.65 0.442411 0.000216172 0.0688229
0.75 0.449787 0.000221057 0.0699704
0.85 0.368213 0.00018657 0.0572805
0.95 0.305938 0.000160431 0.0475927
1.05 0.24915 0.000136764 0.0387586
1.15 0.209908 0.000120614 0.032654
1.25 0.166658 0.000101639 0.0259259
1.35 0.137352 9.04981e-05 0.021367
1.45 0.104538 7.50035e-05 0.0162622
1.55 0.0812311 6.41395e-05 0.0126366
1.65 0.0622383 5.42602e-05 0.00968201
1.75 0.0475744 4.59331e-05 0.00740083
1.85 0.0350652 3.79426e-05 0.00545487
1.95 0.0265969 3.23184e-05 0.0041375
2.1 0.0177937 1.80228e-05 0.00276804
2.3 0.0100676 1.29383e-05 0.00156614
2.5 0.0059498 9.48795e-06 0.000925572
2.7 0.00362078 7.0874e-06 0.000563261

0.55 0.195043 0.000130102 0.0303416
0.65 0.204019 0.000140961 0.031738
0.75 0.199245 0.000141277 0.0309953
0.85 0.156673 0.00011686 0.0243726
0.95 0.125065 9.84952e-05 0.0194555
1.05 0.0985283 8.25849e-05 0.0153274
1.15 0.0805207 7.17321e-05 0.0125261
1.25 0.062184 5.96162e-05 0.00967357
1.35 0.050038 5.24505e-05 0.00778409
1.45 0.0373652 4.30583e-05 0.00581266
1.55 0.0285072 3.64854e-05 0.00443468
1.65 0.0213468 3.05138e-05 0.00332079
1.75 0.0156854 2.53259e-05 0.00244007
1.85 0.0111939 2.05853e-05 0.00174136
1.95 0.00877012 1.78203e-05 0.00136431
2.1 0.00560417 9.7077e-06 0.000871804
2.3 0.00318505 6.98597e-06 0.000495477
2.5 0.0018258 5.04759e-06 0.000284027
2.7 0.00108133 3.71917e-06 0.000168216

0.55 0.0344951 5.31742e-05 0.00536618
0.65 0.0480231 6.64651e-05 0.00747063
0.75 0.050072 6.88304e-05 0.00778938
0.85 0.0410937 5.8165e-05 0.00639268
0.95 0.0366192 5.17972e-05 0.00569661
1.05 0.0275763 4.24612e-05 0.00428986
1.15 0.0216527 3.6151e-05 0.00336837
1.25 0.0161536 2.953e-05 0.00251291
1.35 0.0125417 2.552e-05 0.00195102
1.45 0.00914129 2.06981e-05 0.00142205
1.55 0.00683021 1.73565e-05 0.00106253
1.65 0.00501362 1.43717e-05 0.000779936
1.75 0.00372805 1.19995e-05 0.000579949
1.85 0.00268762 9.8029e-06 0.000418096
1.95 0.00200317 8.27705e-06 0.000311619
2.1 0.00129784 4.54172e-06 0.000201896
2.3 0.000724386 3.23897e-06 0.000112688
2.5 0.000429945 2.37896e-06 6.68838e-05
2.7 0.000262688 1.78086e-06 4.08646e-05


