19
0.55 0.278764 0.000105123 0.0433656
0.65 0.300396 9.7268e-05 0.0467307
0.75 0.273859 8.37264e-05 0.0426025
0.85 0.24331 7.27606e-05 0.0378501
0.95 0.210648 6.41382e-05 0.0327691
1.05 0.177878 5.59549e-05 0.0276714
1.15 0.14877 4.92319e-05 0.0231432
1.25 0.118044 4.17486e-05 0.0183633
1.35 0.0916576 3.5137e-05 0.0142586
1.45 0.0698696 2.93265e-05 0.0108692
1.55 0.0537631 2.48615e-05 0.00836358
1.65 0.0420343 2.14613e-05 0.00653901
1.75 0.0317784 1.80438e-05 0.00494355
1.85 0.0242842 1.54007e-05 0.00377774
1.95 0.0191058 1.35575e-05 0.00297217
2.1 0.0123195 7.28802e-06 0.00191646
2.3 0.00713558 5.34281e-06 0.00111004
2.5 0.00428017 4.06563e-06 0.000665838
2.7 0.00237992 2.91588e-06 0.000370229

0.55 0.659806 0.000356648 0.102642
0.65 0.723616 0.000332911 0.112568
0.75 0.675553 0.000289988 0.105091
0.85 0.614847 0.000255065 0.0956477
0.95 0.544699 0.000227441 0.0847353
1.05 0.468626 0.000200282 0.0729012
1.15 0.398622 0.000177713 0.0620111
1.25 0.320799 0.000151771 0.0499046
1.35 0.252311 0.000128558 0.0392504
1.45 0.194439 0.000107884 0.0302476
1.55 0.150734 9.18001e-05 0.0234488
1.65 0.118791 7.95603e-05 0.0184795
1.75 0.0903145 6.708e-05 0.0140496
1.85 0.0692522 5.73518e-05 0.0107731
1.95 0.0547408 5.06061e-05 0.00851567
2.1 0.0353411 2.72218e-05 0.00549778
2.3 0.0204693 1.99549e-05 0.00318427
2.5 0.0122079 1.51384e-05 0.0018991
2.7 0.00673631 1.08184e-05 0.00104792

0.55 0.336887 0.000233059 0.0524073
0.65 0.36471 0.000216142 0.0567356
0.75 0.332561 0.00018607 0.0517343
0.85 0.294574 0.000161457 0.045825
0.95 0.253624 0.000141931 0.0394546
1.05 0.213217 0.000123546 0.0331688
1.15 0.177362 0.000108408 0.0275911
1.25 0.140215 9.17614e-05 0.0218123
1.35 0.108415 7.70669e-05 0.0168653
1.45 0.0823082 6.41919e-05 0.0128041
1.55 0.0632059 5.43636e-05 0.00983253
1.65 0.0492408 4.68446e-05 0.00766006
1.75 0.0372222 3.93828e-05 0.00579041
1.85 0.0284177 3.35983e-05 0.00442076
1.95 0.0222987 2.95379e-05 0.00346886
2.1 0.0144113 1.58967e-05 0.00224187
2.3 0.00835438 1.16589e-05 0.00129964
2.5 0.00487709 8.74386e-06 0.000758697
2.7 0.00283294 6.41567e-06 0.000440703

0.55 0.163392 0.000155853 0.0254178
0.65 0.170556 0.000141931 0.0265322
0.75 0.148603 0.000119436 0.0231173
0.85 0.125957 0.000101379 0.0195943
0.95 0.104041 8.72894e-05 0.016185
1.05 0.0843419 7.46137e-05 0.0131205
1.15 0.0679621 6.4438e-05 0.0105724
1.25 0.0520239 5.36714e-05 0.00809302
1.35 0.0390423 4.44088e-05 0.00607356
1.45 0.0289382 3.65487e-05 0.00450173
1.55 0.0218225 3.06732e-05 0.00339479
1.65 0.0177351 2.69955e-05 0.00275894
1.75 0.0128507 2.22202e-05 0.0019991
1.85 0.00939919 1.85543e-05 0.00146217
1.95 0.00771759 1.66862e-05 0.00120057
2.1 0.00470301 8.71413e-06 0.000731617
2.3 0.00276546 6.43762e-06 0.000430205
2.5 0.00154073 4.72167e-06 0.000239681
2.7 0.000828751 3.33161e-06 0.000128923

0.55 0.0590913 9.10891e-05 0.00919245
0.65 0.0582382 8.06031e-05 0.00905974
0.75 0.0479818 6.59571e-05 0.00746421
0.85 0.0384689 5.44498e-05 0.00598436
0.95 0.0302323 4.57298e-05 0.00470304
1.05 0.0233677 3.81689e-05 0.00363516
1.15 0.0179514 3.21857e-05 0.00279259
1.25 0.013207 2.62813e-05 0.00205452
1.35 0.00958504 2.13847e-05 0.00149108
1.45 0.00684259 1.72723e-05 0.00106446
1.55 0.00498351 1.42455e-05 0.000775253
1.65 0.00373022 1.20322e-05 0.000580287
1.75 0.00267955 9.86095e-06 0.00041684
1.85 0.0019932 8.30385e-06 0.000310069
1.95 0.00151493 7.18484e-06 0.000235668
2.1 0.000963608 3.83518e-06 0.000149902
2.3 0.000555732 2.80703e-06 8.64517e-05
2.5 0.000350563 2.19172e-06 5.45349e-05
2.7 0.00020229 1.59026e-06 3.14689e-05


