0  0  29.3831  0.139667  0.002294  0.6  0.0230322
0  1  95.9387  0.140555  0.00235282  0.6  0.0139659
0  2  81.4006  0.139998  0.00152318  0.6  0.00900068
0  3  67.8227  0.140415  0.00197897  0.6  0.0113635
0  4  54.761  0.141582  0.00314753  0.6  0.030617
0  5  40.1525  0.14176  0.00223867  0.6  0.0216919
0  6  27.8627  0.139548  0.00273558  0.599999  0.0320765
0  7  18.5427  0.136547  0.00346771  0.599883  0.0266662
0  8  9.65661  0.140508  0.00324087  0.564998  0.0351921
0  9  4.49686  0.143945  0.00165548  0.534558  0.0305292
0  10  2.01817  0.145394  0.00124884  0.479897  0.0212286
0  11  1.03682  0.143246  0.00238137  0.470063  0.0413776
1  0  27.7038  0.141143  0.00203686  0.6  0.0122491
1  1  94.8605  0.141059  0.00173114  0.6  0.0168086
1  2  78.4347  0.141459  0.00168377  0.6  0.0159714
1  3  63.1727  0.142112  0.0023302  0.6  0.0169179
1  4  50.8906  0.143041  0.00260585  0.6  0.0153135
1  5  38.8735  0.142426  0.00229961  0.599999  0.0131218
1  6  26.5939  0.140374  0.0024483  0.599999  0.0150367
1  7  16.4526  0.13937  0.00266217  0.599879  0.0188538
1  8  9.27538  0.140254  0.00197425  0.580563  0.0324196
1  9  4.32036  0.144543  0.0016753  0.535636  0.0306855
1  10  1.98028  0.143315  0.00136682  0.520412  0.0206582
1  11  1.11472  0.137799  0.00263342  0.533613  0.0267224
2  0  145.284  0.15013  0.000639233  0.629168  0.00522129
2  1  846.135  0.135156  0.00104569  0.67968  0.00588966
2  2  620.938  0.137961  0.000300494  0.675234  0.00412185
2  3  448.974  0.142135  0.00035685  0.664204  0.00562602
2  4  421.467  0.138674  0.0124315  0.667831  0.0272707
2  5  301.327  0.139766  0.013408  0.659022  0.0311155
2  6  92.872  0.162488  0.00135817  0.585848  0.00964913
2  7  45.4502  0.170472  0.0177044  0.530805  0.0607774
2  8  29.4229  0.165579  0.0250362  0.519629  0.0796365
2  9  17.1342  0.160001  0.0151292  0.507736  0.0512723
2  10  8.02677  0.155466  0.019997  0.493373  0.126178
2  11  4.48784  0.151968  0.0348318  0.485824  0.203294
3  0  147.84  0.147252  0.000874522  0.646444  0.0097199
3  1  971.206  0.129985  0.000654678  0.699885  0.00756552
3  2  662.255  0.134532  0.0129551  0.691246  0.0310996
3  3  461.838  0.138734  0.000809884  0.684555  0.00952427
3  4  323.98  0.144151  0.000908253  0.654879  0.00940003
3  5  188.8  0.150753  0.00102982  0.641374  0.0137786
3  6  85.6544  0.162799  0.0014088  0.589428  0.0156968
3  7  39.8171  0.171187  0.00377817  0.550409  0.0164478
3  8  19.2632  0.176228  0.0115401  0.510993  0.0421163
3  9  11.9101  0.169082  0.0343127  0.494436  0.111126
3  10  5.40894  0.165144  0.0642552  0.493012  0.205305
3  11  2.09226  0.168235  0.00474846  0.522688  0.0605043
4  0  224.006  0.124836  0.00294668  0.713815  0.00444351
4  1  1774.55  0.113465  7.60459e-05  0.750664  0.0021743
4  2  1243.81  0.115581  8.58636e-05  0.745906  0.0025699
4  3  830.112  0.118364  0.000284078  0.738033  0.00259242
4  4  511.221  0.122351  0.00107416  0.728971  0.0029159
4  5  281.833  0.126903  0.000146774  0.709934  0.00357246
4  6  125.624  0.133129  0.0010723  0.681995  0.0025523
4  7  52.1428  0.139866  0.000596296  0.644434  0.00328627
4  8  7.18236  0.169372  0.000524058  0.548555  0.0106004
4  9  2.72445  0.176645  0.000934196  0.472002  0.0104103
4  10  1.11725  0.178085  0.00407422  0.42383  0.0158725
4  11  1.65213  0.15507  0.00142216  0.387061  0.0281177
5  0  194.2  0.122554  0.000107257  0.725754  0.00299379
5  1  1800.73  0.109701  0.000114388  0.766127  0.00382004
5  2  1049.55  0.114002  9.60035e-05  0.759411  0.00304237
5  3  720.621  0.116332  7.12335e-05  0.751351  0.0021901
5  4  462.781  0.119792  0.000148813  0.739708  0.00445117
5  5  229.414  0.125399  0.000143047  0.722868  0.00379793
5  6  90.6343  0.133533  0.000137179  0.683924  0.00339291
5  7  36.9864  0.140686  0.00026599  0.646697  0.0061218
5  8  5.06959  0.170949  0.0013337  0.546408  0.00839967
5  9  1.9404  0.178216  0.000807425  0.46182  0.00883657
5  10  2.33228  0.154238  0.000749823  0.494959  0.0167121
5  11  0.521818  0.173046  0.000849861  0.395025  0.0185248
