0  0  350  0.121917   0.000357332   0.579219   0.00579451
0  1  210  0.125937   0.000462738   0.563081   0.0077363
0  2  175  0.120164   0.000209013   0.588043   0.000208104
0  3  105  0.123191   0.000135313   0.583567   0.000550002
0  4  70  0.117387   0.000295695   0.6   0.000243119
0  5  35  0.113881   0.000584929   0.6   0.000545
1  0  399.015  0.120653   0.00089374   0.599998   9.77331e-06
1  1  250.884  0.123025   0.000604731   0.596039   0.0094934
1  2  199.297  0.119857   0.000291118   0.6   0.000194289
1  3  149.868  0.117591   0.000504786   0.6   0.000203244
1  4  70  0.121339   0.000297109   0.6   0.000272706
1  5  35  0.118209   0.000509881   0.6   0.000538813
2  0  1365  0.101562   0.000130353   0.613364   0.00349684
2  1  812.866  0.103188   0.000123091   0.601744   0.00332151
2  2  672.181  0.0998554   9.71671e-05   0.606899   0.00266853
2  3  441  0.0996822   7.25417e-05   0.598269   0.00202475
2  4  251.571  0.0979013   2.66612e-05   0.591926   0.000762871
2  5  80.0355  0.101771   0.00648567   0.555871   0.0302443
3  0  697.915  0.101146   0.000110661   0.595972   0.00218438
3  1  525  0.0990218   8.93638e-05   0.602079   0.00177189
3  2  441  0.0957363   0.000115752   0.608776   0.00207949
3  3  212.718  0.100308   0.00441162   0.579076   0.0219845
3  4  117.799  0.0993088   0.000102661   0.565075   0.0020975
3  5  25.1484  0.110212   0.00160135   0.490491   0.0115927
4  0  58500  0.105181   8.13386e-05   0.6041   0.00277981
4  1  29250  0.108065   7.41241e-05   0.576239   0.0025097
4  2  19500  0.108223   5.21741e-05   0.555986   0.00178639
4  3  9750  0.111257   4.83279e-05   0.52551   0.00165483
4  4  7800  0.106602   1.94246e-05   0.514747   0.000687025
4  5  2527.99  0.109453   0.00404745   0.470335   0.0155602
5  0  1950  0.101944   0.000206895   0.639399   0.0073068
5  1  1560  0.100625   0.000207482   0.625192   0.00748824
5  2  1267.5  0.099034   0.000166475   0.609208   0.00622722
5  3  975  0.0975505   0.000145938   0.58437   0.00567183
5  4  361.764  0.100228   0.000131027   0.531656   0.00521275
5  5  49.6206  0.110451   0.00313506   0.415825   0.0184297
