0  0  128.042  0.09  0  0.8  0.0354771
0  1  431.325  0.09  0  0.8  0.0392152
0  2  358.86  0.09  0  0.8  0.0333231
0  3  303.425  0.09  0  0.8  0.0355313
0  4  255.163  0.09  0  0.8  0.0461308
0  5  188.248  0.09  0  0.8  0.042909
0  6  120.906  0.09  0  0.8  0.0380177
0  7  72.2091  0.09  0  0.8  0.0355522
0  8  40.7407  0.09  0  0.796632  0.0346551
0  9  20.7451  0.09  0  0.790779  0.0255787
0  10  9.94548  0.09  0  0.768725  0.004646
0  11  4.93545  0.09  0  0.757221  0.00991758
1  0  127.135  0.09  0  0.8  0.0396649
1  1  434.035  0.09  0  0.8  0.0385747
1  2  363.888  0.09  0  0.8  0.039886
1  3  299.786  0.09  0  0.8  0.0445487
1  4  249.313  0.09  0  0.8  0.0489983
1  5  186.469  0.09  0  0.8  0.0452502
1  6  118.808  0.09  0  0.8  0.0389935
1  7  70.9275  0.09  0  0.8  0.0345348
1  8  39.4125  0.09  0  0.8  0.0360836
1  9  20.1623  0.09  0  0.792834  0.026446
1  10  9.09909  0.09  0  0.782339  0.00458867
1  11  4.53335  0.09  0  0.77291  0.0106447
2  0  2834.71  0.09  0  0.776795  0.00442363
2  1  9699.75  0.09  0  0.781713  0.00405418
2  2  7926.88  0.09  0  0.783154  0.00412623
2  3  6687.12  0.09  0  0.782576  0.00459066
2  4  5509.65  0.09  0  0.780668  0.00381249
2  5  4101.72  0.09  0  0.777339  0.00398024
2  6  2650.73  0.09  0  0.774548  0.00515231
2  7  1631.58  0.09  0  0.762961  0.00575094
2  8  928.388  0.09  0  0.750351  0.00705558
2  9  457.688  0.09  0  0.737483  0.00575027
2  10  188.954  0.09  0  0.721183  0.0092635
2  11  93.4828  0.09  0  0.713132  0.012272
3  0  2413.89  0.09  0  0.795604  0.00772574
3  1  8474.89  0.09  0  0.797755  0.0124191
3  2  6898.56  0.09  0  0.799993  0.0518401
3  3  5701.45  0.09  0  0.8  0.0517449
3  4  4763.25  0.09  0  0.795277  0.00674248
3  5  3469.19  0.09  0  0.797543  0.0171642
3  6  2253.4  0.09  0  0.792102  0.00625539
3  7  1319.15  0.09  0  0.788344  0.00474034
3  8  734.028  0.09  0  0.779797  0.00828098
3  9  374.209  0.09  0  0.763759  0.0090664
3  10  155.354  0.09  0  0.753555  0.0174301
3  11  65.8366  0.09  0  0.76906  0.0188308
4  0  6599.65  0.09  0  0.752784  0.00309297
4  1  21450.4  0.09  0  0.771342  0.00205398
4  2  17962.7  0.09  0  0.769255  0.0023454
4  3  15025.6  0.09  0  0.765082  0.00272992
4  4  12565.4  0.09  0  0.761655  0.00298789
4  5  9590.29  0.09  0  0.752439  0.00297315
4  6  6471.27  0.09  0  0.738857  0.00345469
4  7  4032.68  0.09  0  0.722376  0.00406746
4  8  2361.07  0.09  0  0.704028  0.0066004
4  9  1193.01  0.09  0  0.678177  0.00656287
4  10  515.676  0.09  0  0.659507  0.00649013
4  11  278.331  0.09  0  0.605471  0.0112793
5  0  4839.84  0.09  0  0.759873  0.0025284
5  1  15595.4  0.09  0  0.781598  0.00237138
5  2  13272.6  0.09  0  0.779086  0.00178793
5  3  11068  0.09  0  0.77429  0.00155543
5  4  9341.31  0.09  0  0.76856  0.00207726
5  5  7028.47  0.09  0  0.760384  0.0029327
5  6  4779.66  0.09  0  0.741305  0.00315219
5  7  2991.05  0.09  0  0.725429  0.00400217
5  8  1775.21  0.09  0  0.70474  0.00569216
5  9  906.2  0.09  0  0.674789  0.00683288
5  10  378.167  0.09  0  0.659112  0.00736552
5  11  198.369  0.09  0  0.63752  0.0100888
