0  0  0.107532  0.590047  700   910   39000
0  1  0.109907  0.583872  420   541.911   19500
0  2  0.106276  0.588043  350   448.121   13000
0  3  0.107976  0.583567  210   294   6500
0  4  0.102665  0.605303  140   167.714   5200
0  5  0.0978071  0.625216  70   78   3900

1  0  0.10284  0.679957  700   465.277   1300
1  1  0.100428  0.699545  501.768   350   1040
1  2  0.0960461  0.725208  398.594   294   845
1  3  0.0924998  0.746754  299.735   224   650
1  4  0.0963302  0.736519  140   78.5328   241.176
1  5  0.0917076  0.762627  70   38.3993   98.2901
