0  0  8331.24  15   10.8641   0.0800003   0.0382121   0.430707   0.0599252
0  1  5461.47  15   10.7632   0.0800022   0.0325285   0.437886   0.0609783
0  2  3709.24  15   10.507   0.0800003   0.0394968   0.441923   0.0622689
0  3  2503.58  15   10.3231   0.0800011   0.0391199   0.44144   0.0609408
0  4  1375.26  15   10.2103   0.0800019   0.0394826   0.437907   0.0622815
0  5  604.211  15   9.95721   0.0800005   0.0389114   0.431573   0.0640226
1  0  6724.87  15   14.6353   0.0800245   0.0304231   0.497806   0.0837032
1  1  4343.02  15   14.9237   0.0800182   0.0309894   0.509226   0.08871
1  2  2928.4  15   14.9859   0.0800243   0.0246139   0.51598   0.0844361
1  3  1935.67  15   14.9705   0.0800107   0.0203872   0.520952   0.0796486
1  4  1030.32  15   14.8692   0.0800048   0.0211633   0.526171   0.0756614
1  5  440.116  15   14.4482   0.0800066   0.0373026   0.52959   0.0767218
2  0  10000  15   0.584728   0.0899869   0.000924573   0.3   0.0120891
2  1  10000  15   1.13127   0.0830313   0.000842873   0.3   0.0316852
2  2  8160.42  15   0.823774   0.08   0.00315981   0.3   0.0228349
2  3  5197.1  15   0.564814   0.08   0.00206963   0.3   0.0138021
2  4  2578.8  15   0.35976   0.08   0.00127725   0.3   0.00805199
2  5  1029.03  15   0.245061   0.08   0.000853978   0.3   0.00514896
3  0  8784.55  15   1.83004   0.08   0.00883324   0.3   0.103142
3  1  5777.86  15   0.990285   0.08   0.00401558   0.3   0.032068
3  2  3847.31  15   0.633976   0.08   0.00239982   0.3   0.0171295
3  3  2460.9  15   0.428418   0.08   0.00157061   0.3   0.0104709
3  4  1242.54  15   0.28276   0.08   0.00100653   0.3   0.00632986
3  5  505.098  15   0.202785   0.08   0.000708638   0.3   0.00427894
4  0  10000  6.13654   0.0270796   0.12   4.35941e-05   0.478811   0.00256336
4  1  10000  7.80207   0.086191   0.12   0.000146093   0.3   0.000518024
4  2  10000  9.8825   0.13236   0.12   0.000167874   0.3   0.000606807
4  3  10000  13.7081   0.110724   0.12   6.52971e-05   0.483035   0.00314913
4  4  10000  15   0.113589   0.110963   0.000510592   0.3   0.000811758
4  5  10000  15   0.107125   0.0963191   0.000446622   0.3   0.000832333
5  0  9088.83  15   1.42426   0.0800001   0.00753108   0.360265   0.0158939
5  1  6869.93  15   1.58531   0.08   0.00880594   0.329928   0.0182442
5  2  5089.46  15   0.992343   0.08   0.00540492   0.3   0.0334304
5  3  3339.53  15   0.247266   0.08   0.00124701   0.3   0.00406086
5  4  1708.7  15   0.119391   0.08   0.000595294   0.3   0.00172965
5  5  657.508  15   0.078638   0.08   0.000392328   0.3   0.00112605
