0  0  345.524  10.5294   4.2528   0.089387   0.0181208
0  1  225.196  10.5881   4.36407   0.0909697   0.0186833
0  2  150.672  10.7201   4.4422   0.0926014   0.0188816
0  3  97.5306  10.9801   4.52457   0.0947578   0.0187902
0  4  50.0167  11.7594   4.9522   0.098758   0.0191653
0  5  20.1472  12.653   11.747   0.102933   0.0193056
1  0  372.413  10.3123   4.17682   0.0904325   0.0185386
1  1  243.158  10.395   4.1965   0.0923714   0.0186709
1  2  162.481  10.6773   4.43354   0.0948734   0.019149
1  3  105.264  11.1225   4.61755   0.0979295   0.0189796
1  4  54.1333  11.8558   4.9959   0.102343   0.01929
1  5  21.9996  12.9969   12.1855   0.107859   0.0193071
2  0  44.5231  18.8259   10.1382   0.122921   0.0143181
2  1  29.4027  18.5449   9.88121   0.121511   0.0142873
2  2  19.8817  18.7236   9.89939   0.119798   0.0140903
2  3  13.008  17.736   9.08013   0.116693   0.0141169
2  4  6.72287  17.228   8.55946   0.112875   0.0139419
2  5  2.81664  16.7052   7.98841   0.1081   0.0136417
3  0  20.5405  21.3271   22.4973   0.125197   0.0142952
3  1  13.7935  21.2183   22.391   0.123562   0.0142678
3  2  9.39635  20.9616   11.5444   0.121566   0.0142286
3  3  6.19103  21.1447   22.2631   0.119351   0.0141792
3  4  3.28101  19.6643   10.4813   0.113966   0.0139376
3  5  1.40039  19.2646   10.0771   0.108993   0.0136786
4  0  56.7908  12.1454   6.7642   0.144288   0.0160008
4  1  38.2599  12.0032   6.617   0.136132   0.0161786
4  2  26.4765  11.6622   6.20735   0.12852   0.0161082
4  3  17.6817  11.6541   6.17434   0.12266   0.0161616
4  4  9.52239  11.4553   5.88405   0.114823   0.0159546
4  5  4.20805  11.1861   5.4934   0.105479   0.015596
5  0  1.24935  30   27.1834   0.181076   0.00450156
5  1  0.889373  30   29.9956   0.171554   0.00436013
5  2  0.61885  29.9999   25.4225   0.162329   0.00430935
5  3  0.411082  30   28.4359   0.151669   0.0042848
5  4  0.212532  27.8946   18.7351   0.13554   0.0159199
5  5  0.0835067  14.0892   8.92903   0.108136   0.0174848
