24
 0.55   17.5746  0.00208413  2.48543 
 0.65   10.9246  0.00151275  1.54497 
 0.75   6.79434  0.00110684  0.960864 
 0.85   4.50636  0.000865528  0.637296 
 0.95   3.0998  0.000705283  0.438378 
 1.05   1.98935  0.000536101  0.281337 
 1.15   1.29639  0.000407371  0.183337 
 1.25   0.912079  0.000333538  0.128987 
 1.35   0.636721  0.000270412  0.090046 
 1.45   0.43093  0.00021303  0.0609428 
 1.55   0.315055  0.000180004  0.0445555 
 1.65   0.224887  0.000147372  0.0318038 
 1.75   0.165976  0.000124964  0.0234725 
 1.85   0.117613  0.000101739  0.0166329 
 1.95   0.084503  8.49917e-05  0.0119505 
 2.05   0.0581837  7.18751e-05  0.00822841 
 2.15   0.0450882  5.90561e-05  0.00637644 
 2.25   0.0313575  5.14207e-05  0.00443462 
 2.35   0.0216813  4.21553e-05  0.0030662 
 2.45   0.0153368  3.49914e-05  0.00216895 
 2.55   0.0109022  2.91437e-05  0.0015418 
 2.65   0.00791467  2.46495e-05  0.0011193 
 2.75   0.00578009  2.10171e-05  0.000817428 
 2.85   0.00422888  1.79e-05  0.000598054 
 
0.55  54.4478 0.0104084 7.70008 
 0.65  33.7251 0.00754139 4.76945 
 0.75  20.9128 0.00550972 2.95752 
 0.85  13.9152 0.00431543 1.9679 
 0.95  9.62212 0.00352568 1.36077 
 1.05  6.21413 0.00268839 0.87881 
 1.15  4.07688 0.00204974 0.576558 
 1.25  2.87897 0.00168135 0.407148 
 1.35  2.01878 0.00136618 0.285499 
 1.45  1.36984 0.00107766 0.193725 
 1.55  1.00088 0.000910317 0.141547 
 1.65  0.714834 0.000745496 0.101093 
 1.75  0.526209 0.000631323 0.0744172 
 1.85  0.371349 0.000512937 0.0525166 
 1.95  0.265116 0.000427139 0.0374931 
 2.05  0.182786 0.000361461 0.0258499 
 2.15  0.14178 0.000297134 0.0200507 
 2.25  0.0987864 0.000258957 0.0139705 
 2.35  0.0683356 0.000212346 0.00966411 
 2.45  0.0519202 0.00018875 0.00734263 
 2.55  0.0441485 0.00018756 0.00624354 
 2.65  0.0380113 0.00018826 0 
 2.75  0.0327491 0.000189828 0 
 2.85  0.0279985 0.000190163 0 
 
0.55  23.2232 0.00593394 3.28425 
 0.65  14.2591 0.00428065 2.01655 
 0.75  8.75239 0.00311154 1.23777 
 0.85  5.78014 0.00242794 0.817435 
 0.95  3.97616 0.00197846 0.562314 
 1.05  2.55615 0.00150516 0.361494 
 1.15  1.66865 0.00114474 0.235983 
 1.25  1.1783 0.00093898 0.166637 
 1.35  0.824507 0.000762163 0.116603 
 1.45  0.559699 0.00060133 0.0791533 
 1.55  0.411974 0.000509828 0.0582619 
 1.65  0.295045 0.000418096 0.0417257 
 1.75  0.219318 0.000355793 0.0310162 
 1.85  0.156615 0.000290789 0.0221487 
 1.95  0.112444 0.000242834 0.015902 
 2.05  0.0840583 0.000213978 0.0118876 
 2.15  0.0643779 0.000174784 0.00910441 
 2.25  0.0432309 0.000149542 0.00611377 
 2.35  0.0340973 0.000130939 0.00482208 
 2.45  0.0293207 0.000123821 0.00414657 
 2.55  0.0237634 0.000120123 0.00336066 
 2.65  0.019764 0.000118503 0 
 2.75  0.0165334 0.000117742 0 
 2.85  0.01397 0.000117259 0 
 
0.55  7.79213 0.00321246 1.10197 
 0.65  4.67158 0.00228993 0.660661 
 0.75  2.84082 0.00165677 0.401753 
 0.85  1.87629 0.00129284 0.265347 
 0.95  1.28739 0.00105215 0.182065 
 1.05  0.823072 0.000798246 0.1164 
 1.15  0.531756 0.000603956 0.0752016 
 1.25  0.370701 0.000492229 0.052425 
 1.35  0.254958 0.000396106 0.0360565 
 1.45  0.17057 0.000310252 0.0241222 
 1.55  0.123063 0.000260423 0.0174037 
 1.65  0.0871968 0.000212426 0.0123315 
 1.75  0.0638665 0.000179442 0.00903209 
 1.85  0.0454413 0.000146391 0.00642637 
 1.95  0.0337741 0.000124382 0.00477638 
 2.05  0.0228714 0.000104316 0.0032345 
 2.15  0.0191754 8.91521e-05 0.00271181 
 2.25  0.0121044 7.39546e-05 0.00171182 
 2.35  0.00987477 6.58567e-05 0.0013965 
 2.45  0.00843685 6.20759e-05 0.00119315 
 2.55  0.00662672 5.92854e-05 0.00093716 
 2.65  0.00514814 5.65252e-05 0 
 2.75  0.00534291 6.25555e-05 0 
 2.85  0.00423745 6.03567e-05 0 
 
0.55  1.77373 0.00148129 0.250844 
 0.65  1.02947 0.00103892 0.145589 
 0.75  0.605806 0.000739421 0.0856739 
 0.85  0.391194 0.000570528 0.0553232 
 0.95  0.264148 0.000460609 0.0373561 
 1.05  0.167345 0.000347865 0.0236662 
 1.15  0.107313 0.000262217 0.0151763 
 1.25  0.0751342 0.00021417 0.0106256 
 1.35  0.0519459 0.000172798 0.00734625 
 1.45  0.0349534 0.000135736 0.00494316 
 1.55  0.0254872 0.000114542 0.00360444 
 1.65  0.0181325 9.3621e-05 0.00256433 
 1.75  0.0133237 7.92112e-05 0.00188426 
 1.85  0.00924879 6.38288e-05 0.00130798 
 1.95  0.00649284 5.27072e-05 0.000918226 
 2.05  0.00437474 4.40927e-05 0.000618682 
 2.15  0.00342637 3.64219e-05 0.000484562 
 2.25  0.00240059 3.18302e-05 0.000339495 
 2.35  0.00199831 2.86321e-05 0.000282604 
 2.45  0.00156611 2.58482e-05 0.000221482 
 2.55  0.00143175 2.66329e-05 0.00020248 
 2.65  0.0011681 2.60222e-05 0 
 2.75  0.00102206 2.64423e-05 0 
 2.85  0.000874472 2.64992e-05 0 
 

