30

0.55   0.367638  0.000260676  0.0675895 
 0.65   0.441345  0.000282  0.0811404 
 0.75   0.44094  0.000271106  0.0810658 
 0.85   0.399136  0.00024185  0.0733803 
 0.95   0.349958  0.000214833  0.0593899 
 1.05   0.298328  0.000188509  0.050628 
 1.15   0.252971  0.000167146  0.0429306 
 1.25   0.203065  0.000142663  0.0344613 
 1.35   0.159194  0.000120717  0.0247647 
 1.45   0.122198  0.000101156  0.0190096 
 1.55   0.0953545  8.63959e-05  0.0148337 
 1.65   0.0748332  7.47499e-05  0.0126996 
 1.75   0.0568884  6.30438e-05  0.00965428 
 1.85   0.0435674  5.38858e-05  0.00739363 
 1.95   0.0334231  4.60831e-05  0.00567209 
 2.05   0.0252626  4.09735e-05  0.00428721 
 2.15   0.0214177  3.50715e-05  0.0036347 
 2.25   0.0145107  2.83337e-05  0.00246255 
 2.35   0.0112752  2.47029e-05  0.00191346 
 2.45   0.008715  2.14863e-05  0.00147899 
 2.55   0.00685242  1.87425e-05  0.00116289 
 2.65   0.00537712  1.63753e-05  0.000912527 
 2.75   0.00420018  1.41984e-05  0.000712794 
 2.85   0.00345565  1.29808e-05  0.000586442 
 2.95   0.00272921  1.13384e-05  0.000463162 
 3.1   0.00194806  6.56564e-06  0.000330597 
 3.3   0.00117602  4.94324e-06  0.000199578 
 3.5   0.000716685  3.74633e-06  0.000121625 
 3.7   0.000434368  2.83616e-06  7.37147e-05 
 3.9   0.000263223  2.15014e-06  4.46704e-05 
 
0.55  1.20279 0.00134689 0.22113 
 0.65  1.43374 0.00145191 0.263591 
 0.75  1.47149 0.00141473 0.27053 
 0.85  1.37479 0.00128218 0.252752 
 0.95  1.23819 0.00115433 0.210127 
 1.05  1.07586 0.00102261 0.18258 
 1.15  0.925315 0.000913169 0.157031 
 1.25  0.749348 0.000782853 0.127169 
 1.35  0.590555 0.000664176 0.0918689 
 1.45  0.454952 0.000557555 0.070774 
 1.55  0.355863 0.000476771 0.0553593 
 1.65  0.279971 0.000413014 0.0475126 
 1.75  0.213034 0.000348498 0.0361531 
 1.85  0.163447 0.000298144 0.0277378 
 1.95  0.125594 0.00025518 0.021314 
 2.05  0.0949465 0.000226907 0.016113 
 2.15  0.0806093 0.00019436 0.0136799 
 2.25  0.0545858 0.00015698 0.00926351 
 2.35  0.0422624 0.000136619 0.00717217 
 2.45  0.0326382 0.000118778 0.00553889 
 2.55  0.0256264 0.000103537 0.00434895 
 2.65  0.0200145 9.0247e-05 0.00339657 
 2.75  0.0157566 7.85563e-05 0.00267398 
 2.85  0.0128909 7.16181e-05 0.00218765 
 2.95  0.00886826 5.44311e-05 0.00150499 
 3.1  0.00646455 3.1909e-05 0.00109707 
 3.3  0.00401722 2.47332e-05 5.68121e-05 
 3.5  0.00235802 1.80916e-05 0 
 3.7  0.00145212 1.37979e-05 0 
 3.9  0.000897025 1.05966e-05 0 
 
0.55  0.556764 0.000799666 0.10236 
 0.65  0.695117 0.000882207 0.127796 
 0.75  0.689031 0.000844796 0.126677 
 0.85  0.607746 0.000743925 0.111733 
 0.95  0.519853 0.000652703 0.088222 
 1.05  0.436875 0.000568651 0.0741402 
 1.15  0.367716 0.000502342 0.0624035 
 1.25  0.29501 0.000428641 0.0500649 
 1.35  0.232106 0.000363356 0.0361072 
 1.45  0.178891 0.000305096 0.0278289 
 1.55  0.140635 0.000261549 0.0218777 
 1.65  0.110733 0.000226665 0.018792 
 1.75  0.0847303 0.000191793 0.0143792 
 1.85  0.0653767 0.000164546 0.0110948 
 1.95  0.0501233 0.000140676 0.00850621 
 2.05  0.037865 0.000125045 0.0064259 
 2.15  0.0324234 0.000107567 0.00550244 
 2.25  0.0220837 8.71318e-05 0.00374774 
 2.35  0.0172325 7.61279e-05 0.00292445 
 2.45  0.0133603 6.63159e-05 0.00226732 
 2.55  0.0105755 5.80417e-05 0.00179473 
 2.65  0.00835656 5.08875e-05 0.00141816 
 2.75  0.00649639 4.40173e-05 0.00110247 
 2.85  0.00541364 4.05008e-05 0.000918725 
 2.95  0.00364388 3.04472e-05 0.000618387 
 3.1  0.00251825 1.73793e-05 0.000427362 
 3.3  0.00157311 1.35062e-05 2.22472e-05 
 3.5  0.000909136 9.80289e-06 0 
 3.7  0.000546711 7.38798e-06 0 
 3.9  0.00033106 5.61764e-06 0 
 
0.55  0.202043 0.000448214 0.0371451 
 0.65  0.232831 0.000475065 0.0428055 
 0.75  0.219977 0.000444132 0.0404423 
 0.85  0.190452 0.000387482 0.0350141 
 0.95  0.15987 0.000336783 0.0271308 
 1.05  0.131174 0.000289922 0.0222609 
 1.15  0.10745 0.00025266 0.0182349 
 1.25  0.0830912 0.000211663 0.014101 
 1.35  0.0632546 0.000176493 0.0098401 
 1.45  0.0472462 0.000145887 0.00734979 
 1.55  0.0359663 0.000123068 0.00559504 
 1.65  0.0275809 0.000105255 0.00468063 
 1.75  0.0205466 8.78768e-05 0.00348688 
 1.85  0.0153439 7.41711e-05 0.00260395 
 1.95  0.0116666 6.31485e-05 0.00197989 
 2.05  0.00863072 5.5547e-05 0.00146468 
 2.15  0.00733005 4.75877e-05 0.00124395 
 2.25  0.00487175 3.8078e-05 0.000826763 
 2.35  0.00380304 3.32756e-05 0.000645397 
 2.45  0.0028557 2.8527e-05 0.000484628 
 2.55  0.00223546 2.48292e-05 0.00037937 
 2.65  0.00178267 2.18688e-05 0.00030253 
 2.75  0.00139376 1.89703e-05 0.00023653 
 2.85  0.00109988 1.69856e-05 0.000186655 
 2.95  0.000770868 1.303e-05 0.000130821 
 3.1  0.000573067 7.71392e-06 9.72527e-05 
 3.3  0.000345342 5.88803e-06 4.88387e-06 
 3.5  0.00021047 4.3886e-06 0 
 3.7  0.000117807 3.19098e-06 0 
 3.9  7.14663e-05 2.42853e-06 0 
 
0.55  0.053995 0.000224899 0.00992686 
 0.65  0.058642 0.000231411 0.0107812 
 0.75  0.0519958 0.000209582 0.00955932 
 0.85  0.0417189 0.000176024 0.00766992 
 0.95  0.0330997 0.000148739 0.00561721 
 1.05  0.0258595 0.000124944 0.0043885 
 1.15  0.0198103 0.0001053 0.00336193 
 1.25  0.0147719 8.66227e-05 0.00250687 
 1.35  0.0108333 7.08937e-05 0.00168527 
 1.45  0.00780402 5.75492e-05 0.00121402 
 1.55  0.00573422 4.76958e-05 0.000892035 
 1.65  0.00427305 4.02117e-05 0.000725161 
 1.75  0.00310316 3.31477e-05 0.000526624 
 1.85  0.00230801 2.79211e-05 0.000391683 
 1.95  0.00173953 2.36676e-05 0.000295207 
 2.05  0.00124952 2.05142e-05 0.00021205 
 2.15  0.00090955 1.62705e-05 0.000154356 
 2.25  0.000684423 1.38529e-05 0.00011615 
 2.35  0.000546667 1.22453e-05 9.27724e-05 
 2.45  0.000401362 1.03804e-05 6.81133e-05 
 2.55  0.000315148 9.04866e-06 5.34824e-05 
 2.65  0.000248947 7.93211e-06 4.22477e-05 
 2.75  0.000199707 6.96983e-06 3.38914e-05 
 2.85  0.000167055 6.4252e-06 2.83502e-05 
 2.95  0.000117649 4.9408e-06 1.99657e-05 
 3.1  9.3127e-05 3.01826e-06 1.58042e-05 
 3.3  5.61786e-05 2.30504e-06 7.94485e-07 
 3.5  3.37942e-05 1.70686e-06 0 
 3.7  2.17411e-05 1.33053e-06 0 
 3.9  1.26726e-05 9.92594e-07 0 
 

