25
0.55 1.05953 0.000347804 0.0899044
0.65 0.67797 0.000261279 0.0575277
0.75 0.458465 0.00020386 0.038902
0.85 0.298384 0.000157179 0.0253187
0.95 0.190397 0.000120627 0.0161557
1.05 0.12733 9.51442e-05 0.00900358
1.15 0.0894797 7.71546e-05 0.00632717
1.25 0.0631287 6.28331e-05 0.00446387
1.35 0.0446921 5.13521e-05 0.00316021
1.45 0.0321619 4.23782e-05 0.00227419
1.55 0.0232967 3.51333e-05 0.00207563
1.65 0.0173209 2.9545e-05 0.00154321
1.75 0.0129394 2.49337e-05 0.00115284
1.85 0.00959054 2.09845e-05 0.000854473
1.95 0.00726038 1.78705e-05 0.000646867
2.05 0.00505673 1.46165e-05 0.000522044
2.15 0.00482275 1.40099e-05 0.00049789
2.25 0.00327006 1.13405e-05 0.000337593
2.35 0.00249716 9.75907e-06 0.000257801
2.45 0.00190533 8.41109e-06 0.000196702
2.55 0.00150611 7.48542e-06 0.000261986
2.65 0.00117332 6.55536e-06 0.000204097
2.75 0.000986833 6.14792e-06 0.000171658
2.85 0.00080012 5.59443e-06 0.00013918
2.95 0.000654023 5.09713e-06 0.000113766

0.55 1.89382 0.00096268 0.160696
0.65 1.22499 0.000727109 0.103944
0.75 0.838383 0.000570737 0.0711392
0.85 0.551776 0.00044251 0.0468198
0.95 0.355316 0.00034116 0.0301495
1.05 0.238796 0.000269753 0.0168854
1.15 0.169257 0.000219689 0.0119683
1.25 0.120174 0.00017948 0.00849758
1.35 0.0856041 0.000147138 0.00605312
1.45 0.0618801 0.000121698 0.00437559
1.55 0.0449009 0.00010098 0.00400046
1.65 0.0336142 8.52109e-05 0.00299487
1.75 0.0251894 7.20235e-05 0.00224426
1.85 0.0186422 6.05703e-05 0.00166093
1.95 0.0142271 5.17905e-05 0.00126757
2.05 0.00990706 4.2356e-05 0.00102278
2.15 0.00950125 4.07112e-05 0.000980887
2.25 0.00642319 3.29053e-05 0.000663114
2.35 0.00495105 2.84492e-05 0.000511135
2.45 0.00377614 2.45147e-05 0.000389839
2.55 0.00299812 2.18649e-05 0.000521518
2.65 0.00233871 1.91607e-05 0.000406814
2.75 0.00196753 1.79723e-05 0.000342249
2.85 0.0015946 1.63508e-05 0.000277378
2.95 0.00131071 1.49389e-05 0.000227996

0.55 1.43319 0.000859937 0.12161
0.65 0.920183 0.000647102 0.0780801
0.75 0.623283 0.000505312 0.0528873
0.85 0.406605 0.000390059 0.0345016
0.95 0.259862 0.000299588 0.02205
1.05 0.174763 0.000236962 0.0123576
1.15 0.122722 0.000192087 0.00867773
1.25 0.0866752 0.000156517 0.00612886
1.35 0.0613591 0.000127914 0.00433874
1.45 0.0442247 0.000105643 0.00312716
1.55 0.0322061 8.78171e-05 0.00286942
1.65 0.0238847 7.37557e-05 0.00212802
1.75 0.0178797 6.23086e-05 0.001593
1.85 0.013263 5.24608e-05 0.00118168
1.95 0.0100371 4.46682e-05 0.000894262
2.05 0.00700987 3.65847e-05 0.000723682
2.15 0.00666634 3.50162e-05 0.000688217
2.25 0.004556 2.84567e-05 0.00047035
2.35 0.00343124 2.43191e-05 0.000354233
2.45 0.00262768 2.09986e-05 0.000271276
2.55 0.00208231 1.8711e-05 0.000362214
2.65 0.00160721 1.63103e-05 0.000279571
2.75 0.00136608 1.53774e-05 0.000237627
2.85 0.00110558 1.39801e-05 0.000192313
2.95 0.000909489 1.27781e-05 0.000158204

0.55 0.916961 0.000691417 0.0778067
0.65 0.579462 0.000516176 0.0491689
0.75 0.387634 0.000400569 0.0328918
0.85 0.248492 0.000306513 0.0210852
0.95 0.156799 0.000233923 0.0133048
1.05 0.103926 0.000183682 0.00734871
1.15 0.0725584 0.000148467 0.00513066
1.25 0.0507887 0.000120433 0.0035913
1.35 0.0355797 9.79109e-05 0.00251586
1.45 0.0255105 8.06527e-05 0.00180386
1.55 0.018325 6.65858e-05 0.00163268
1.65 0.0135242 5.57882e-05 0.00120495
1.75 0.0100693 4.70021e-05 0.00089713
1.85 0.00745507 3.95357e-05 0.000664213
1.95 0.00559386 3.35196e-05 0.000498388
2.05 0.00388784 2.73873e-05 0.000401371
2.15 0.00368903 2.61837e-05 0.000380846
2.25 0.0024735 2.10765e-05 0.000255359
2.35 0.00189398 1.81618e-05 0.00019553
2.45 0.00144443 1.56496e-05 0.00014912
2.55 0.00115163 1.39872e-05 0.000200325
2.65 0.000896933 1.22477e-05 0.00015602
2.75 0.000751017 1.14609e-05 0.000130638
2.85 0.000601593 1.03661e-05 0.000104646
2.95 0.000478165 9.31333e-06 8.31759e-05

0.55 0.39973 0.000390591 0.0339182
0.65 0.245989 0.000287752 0.0208728
0.75 0.159187 0.000219632 0.0135074
0.85 0.100003 0.00016637 0.00848553
0.95 0.0616983 0.000125549 0.00523528
1.05 0.0399749 9.74704e-05 0.00282665
1.15 0.0271872 7.77578e-05 0.00192243
1.25 0.0187748 6.26505e-05 0.00132758
1.35 0.0130297 5.06958e-05 0.00092134
1.45 0.00915921 4.13488e-05 0.000647654
1.55 0.00652901 3.40062e-05 0.000581705
1.65 0.00478892 2.8404e-05 0.000426671
1.75 0.00350348 2.37215e-05 0.000312144
1.85 0.00259887 1.99724e-05 0.000231547
1.95 0.00191241 1.6769e-05 0.000170387
2.05 0.00132619 1.36859e-05 0.000136912
2.15 0.00123997 1.29884e-05 0.000128011
2.25 0.00086101 1.06395e-05 8.88886e-05
2.35 0.000645764 9.0737e-06 6.66672e-05
2.45 0.000483093 7.74363e-06 4.98734e-05
2.55 0.000364763 6.73526e-06 6.34498e-05
2.65 0.000291882 5.97798e-06 5.07724e-05
2.75 0.000234949 5.48473e-06 4.0869e-05
2.85 0.000198757 5.09802e-06 3.45735e-05
2.95 0.000163736 4.66298e-06 2.84816e-05


