15
0.55 0.187472 0.000275235 0.0212101
0.65 0.142119 0.000201922 0.0160789
0.75 0.109977 0.000157228 0.0124425
0.85 0.0769338 0.00011713 0.00870406
0.95 0.0531054 8.91877e-05 0.00600819
1.05 0.0368137 6.84291e-05 0.00442531
1.15 0.0273233 5.5554e-05 0.00328448
1.25 0.020537 4.61903e-05 0.00246871
1.35 0.0145806 3.63165e-05 0.00175271
1.45 0.0108115 2.98e-05 0.00129962
1.55 0.00855996 2.60462e-05 0.00125898
1.65 0.00640924 2.11995e-05 0.00094266
1.75 0.00505211 1.79636e-05 0.000743056
1.85 0.00409308 1.58277e-05 0.000602003
1.95 0.00297514 1.29405e-05 0.000437579

0.55 0.340662 0.000768127 0.0385415
0.65 0.260738 0.000566232 0.0294992
0.75 0.2045 0.000443876 0.0231365
0.85 0.144515 0.000332355 0.01635
0.95 0.100554 0.000254081 0.0113764
1.05 0.0702273 0.00019567 0.00844189
1.15 0.0526001 0.00015958 0.00632296
1.25 0.0397927 0.000133113 0.00478341
1.35 0.0282735 0.000104699 0.0033987
1.45 0.0211294 8.62488e-05 0.00253992
1.55 0.0167547 7.54417e-05 0.00246425
1.65 0.012551 6.14182e-05 0.00184597
1.75 0.00982994 5.18761e-05 0.00144577
1.85 0.00790233 4.55309e-05 0.00116226
1.95 0.00572752 3.71721e-05 0.000842393

0.55 0.254149 0.000681266 0.0287537
0.65 0.192997 0.000500229 0.0218351
0.75 0.149415 0.000389595 0.0169043
0.85 0.104995 0.000290892 0.0118788
0.95 0.072738 0.000221898 0.00822936
1.05 0.0506072 0.000170561 0.00608339
1.15 0.0374264 0.000138221 0.00449896
1.25 0.0281022 0.000114866 0.00337811
1.35 0.0200159 9.04568e-05 0.00240607
1.45 0.0147865 7.40875e-05 0.00177746
1.55 0.0117559 6.48893e-05 0.00172904
1.65 0.00886779 5.30113e-05 0.00130426
1.75 0.00694604 4.47778e-05 0.00102161
1.85 0.00565576 3.95527e-05 0.000831838
1.95 0.00413713 3.24403e-05 0.000608481

0.55 0.159636 0.000542736 0.0180608
0.65 0.12009 0.000396641 0.0135866
0.75 0.0915009 0.000306464 0.0103521
0.85 0.0630478 0.000226586 0.00713305
0.95 0.0429303 0.000171358 0.00485701
1.05 0.029384 0.000130641 0.0035322
1.15 0.0217349 0.00010588 0.00261271
1.25 0.0161992 8.7663e-05 0.00194727
1.35 0.0114697 6.88302e-05 0.00137875
1.45 0.00846105 5.63344e-05 0.00101709
1.55 0.00659168 4.8842e-05 0.000969492
1.65 0.00494228 3.97809e-05 0.000726902
1.75 0.0039833 3.40852e-05 0.000585856
1.85 0.00321382 2.99703e-05 0.000472682
1.95 0.00236487 2.46541e-05 0.00034782

0.55 0.0667895 0.000300367 0.00755637
0.65 0.0487827 0.000216298 0.00551913
0.75 0.0362771 0.000165104 0.00410428
0.85 0.0243843 0.000120567 0.00275876
0.95 0.0162078 9.00867e-05 0.00183371
1.05 0.0109226 6.81493e-05 0.00131299
1.15 0.0078641 5.44924e-05 0.000945329
1.25 0.00580005 4.48808e-05 0.000697213
1.35 0.0040622 3.50477e-05 0.00048831
1.45 0.00293803 2.8403e-05 0.000353176
1.55 0.00234706 2.49363e-05 0.000345202
1.65 0.00169406 1.99273e-05 0.000249159
1.75 0.00135457 1.70066e-05 0.000199227
1.85 0.00114127 1.52809e-05 0.000167856
1.95 0.000800045 1.22692e-05 0.000117669


