15
0.55 0.182667 0.000269141 0.0222164
0.65 0.144455 0.000209953 0.017569
0.75 0.0966743 0.000145719 0.0117578
0.85 0.0750825 0.000122061 0.00913171
0.95 0.0539613 9.51911e-05 0.0065629
1.05 0.0375676 7.33351e-05 0.00531286
1.15 0.0266556 5.7373e-05 0.00376967
1.25 0.018702 4.44481e-05 0.00264487
1.35 0.0126915 3.34864e-05 0.00179485
1.45 0.00955127 2.8008e-05 0.00135075
1.55 0.00671149 2.16544e-05 0.00111999
1.65 0.00583597 2.05846e-05 0.00097389
1.75 0.0044026 1.66137e-05 0.000734694
1.85 0.00360879 1.48773e-05 0.000602224
1.95 0.00284924 1.33272e-05 0.000475474

0.55 0.331386 0.000750502 0.0403039
0.65 0.266342 0.000590215 0.0323932
0.75 0.180228 0.000411915 0.0219198
0.85 0.141309 0.000346679 0.0171864
0.95 0.102876 0.000272112 0.012512
1.05 0.07172 0.000209779 0.0101427
1.15 0.0512766 0.000164744 0.0072516
1.25 0.0361337 0.000127909 0.00511008
1.35 0.0247203 9.67551e-05 0.00349598
1.45 0.0185894 8.08947e-05 0.00262894
1.55 0.0130988 6.26306e-05 0.00218589
1.65 0.0113626 5.94646e-05 0.00189615
1.75 0.00859947 4.8071e-05 0.00143506
1.85 0.0069992 4.28947e-05 0.00116801
1.95 0.00552786 3.84315e-05 0.000922474

0.55 0.24843 0.00066725 0.0302146
0.65 0.196359 0.000520376 0.0238816
0.75 0.13136 0.000361102 0.0159763
0.85 0.102433 0.000303085 0.0124581
0.95 0.0732848 0.00023583 0.00891308
1.05 0.0513722 0.000182309 0.00726513
1.15 0.0366368 0.000142991 0.00518122
1.25 0.0257491 0.000110873 0.00364148
1.35 0.0174949 8.35804e-05 0.00247415
1.45 0.0132168 7.0041e-05 0.00186914
1.55 0.0091666 5.37994e-05 0.0015297
1.65 0.00804802 5.13886e-05 0.00134303
1.75 0.0060421 4.13755e-05 0.00100829
1.85 0.00496569 3.70998e-05 0.000828661
1.95 0.00393341 3.32886e-05 0.000656397

0.55 0.155536 0.000530705 0.0189167
0.65 0.120831 0.000410327 0.0146957
0.75 0.080157 0.000283543 0.00974888
0.85 0.0615669 0.000236194 0.00748791
0.95 0.0434901 0.000182616 0.00528937
1.05 0.0301596 0.000140412 0.00426521
1.15 0.0211367 0.000109174 0.00298918
1.25 0.0146606 8.40953e-05 0.00207332
1.35 0.00984961 6.30389e-05 0.00139294
1.45 0.0074168 5.27409e-05 0.00104889
1.55 0.0052798 4.10423e-05 0.000881079
1.65 0.00457402 3.89423e-05 0.000763299
1.75 0.00341366 3.12615e-05 0.000569663
1.85 0.00283204 2.81632e-05 0.000472604
1.95 0.00225192 2.53185e-05 0.000375794

0.55 0.0650528 0.00029366 0.00791188
0.65 0.049132 0.000223871 0.00597555
0.75 0.0315362 0.00015217 0.00383551
0.85 0.0235812 0.00012507 0.00286801
0.95 0.0164852 9.61976e-05 0.00200497
1.05 0.0111686 7.31083e-05 0.00157948
1.15 0.00762421 5.61014e-05 0.00107823
1.25 0.00528962 4.32198e-05 0.000748065
1.35 0.00348492 3.20826e-05 0.000492842
1.45 0.0025841 2.6636e-05 0.000365447
1.55 0.00181965 2.06154e-05 0.000303659
1.65 0.00155798 1.94459e-05 0.000259991
1.75 0.00121074 1.59294e-05 0.000202045
1.85 0.00099787 1.43035e-05 0.000166522
1.95 0.000757071 1.25604e-05 0.000126338


