19
0.55 0.00824106 4.54248e-05 0.000978988
0.65 0.00885453 4.54258e-05 0.00105186
0.75 0.00794743 4.16633e-05 0.000944106
0.85 0.00670049 3.70306e-05 0.000795978
0.95 0.00531587 3.18957e-05 0.000631493
1.05 0.00413531 2.71778e-05 0.000497098
1.15 0.00319208 2.30513e-05 0.000383714
1.25 0.00231099 1.89266e-05 0.0002778
1.35 0.00181398 1.67353e-05 0.000218056
1.45 0.00125996 1.30122e-05 0.000151458
1.55 0.000907726 1.06622e-05 0.000130939
1.65 0.000685266 8.94875e-06 9.88495e-05
1.75 0.000490383 7.31833e-06 7.07376e-05
1.85 0.000349463 5.97832e-06 5.041e-05
1.95 0.000257625 4.97276e-06 3.71624e-05
2.1 0.00017115 2.74041e-06 2.61406e-05
2.3 9.71177e-05 1.95053e-06 1.48333e-05
2.5 5.80343e-05 1.43571e-06 8.86387e-06
2.7 3.584e-05 1.07945e-06 5.47402e-06

0.55 0.0118089 0.000100458 0.00140282
0.65 0.0128883 0.00010125 0.00153105
0.75 0.011933 9.43182e-05 0.00141757
0.85 0.0100914 8.39584e-05 0.0011988
0.95 0.00813305 7.28872e-05 0.000966157
1.05 0.00650312 6.29652e-05 0.000781729
1.15 0.00498113 5.31988e-05 0.000598772
1.25 0.00369447 4.4211e-05 0.000444105
1.35 0.00294528 3.93967e-05 0.000354047
1.45 0.00207365 3.08403e-05 0.00024927
1.55 0.00155382 2.57721e-05 0.000224139
1.65 0.00113796 2.13048e-05 0.000164151
1.75 0.000818246 1.74649e-05 0.000118032
1.85 0.000594472 1.44054e-05 8.57525e-05
1.95 0.000437369 1.19704e-05 6.30903e-05
2.1 0.000295124 6.64785e-06 4.50757e-05
2.3 0.000162745 4.65906e-06 2.48569e-05
2.5 9.65626e-05 3.42293e-06 1.47485e-05
2.7 5.9824e-05 2.57643e-06 9.13722e-06

0.55 0.00942183 9.63671e-05 0.00111926
0.65 0.0100951 9.62354e-05 0.00119923
0.75 0.00898669 8.79023e-05 0.00106756
0.85 0.00765912 7.85519e-05 0.000909856
0.95 0.0060541 6.75351e-05 0.00071919
1.05 0.00463508 5.70885e-05 0.000557174
1.15 0.0036762 4.90815e-05 0.00044191
1.25 0.00258906 3.97472e-05 0.000311227
1.35 0.00202576 3.5089e-05 0.000243513
1.45 0.00140769 2.72888e-05 0.000169215
1.55 0.00100722 2.22839e-05 0.000145292
1.65 0.000768249 1.87994e-05 0.00011082
1.75 0.000543016 1.52796e-05 7.833e-05
1.85 0.000385694 1.24612e-05 5.56362e-05
1.95 0.000284903 1.03756e-05 4.10973e-05
2.1 0.000190547 5.73714e-06 2.91031e-05
2.3 0.000107497 4.07578e-06 1.64186e-05
2.5 6.52487e-05 3.01709e-06 9.96576e-06
2.7 3.98142e-05 2.26033e-06 6.08102e-06

0.55 0.00781799 6.64429e-05 0.00092873
0.65 0.00832467 6.61459e-05 0.00098892
0.75 0.00721931 5.96332e-05 0.000857611
0.85 0.00608318 5.29874e-05 0.000722645
0.95 0.00474812 4.52695e-05 0.000564048
1.05 0.00357993 3.79749e-05 0.000430337
1.15 0.00276571 3.22227e-05 0.000332461
1.25 0.00194403 2.60691e-05 0.000233688
1.35 0.00151434 2.29629e-05 0.000182036
1.45 0.00102316 1.76093e-05 0.000122992
1.55 0.000709789 1.4159e-05 0.000102387
1.65 0.000551613 1.20573e-05 7.95701e-05
1.75 0.000393856 9.84949e-06 5.68137e-05
1.85 0.000278858 8.01992e-06 4.02252e-05
1.95 0.000197857 6.54454e-06 2.85409e-05
2.1 0.00013291 3.62672e-06 2.03e-05
2.3 7.67809e-05 2.60679e-06 1.17271e-05
2.5 4.71601e-05 1.94404e-06 7.203e-06
2.7 2.89412e-05 1.45836e-06 4.42033e-06


